Zeit;Fahrradbrücke;Fahrradbrücke stadteinwärts;Fahrradbrücke stadtauswärts
08.08.2018 00:00;111;37;74
08.08.2018 01:00;49;9;40
08.08.2018 02:00;25;9;16
08.08.2018 03:00;11;2;9
08.08.2018 04:00;9;6;3
08.08.2018 05:00;41;24;17
08.08.2018 06:00;127;81;46
08.08.2018 07:00;271;135;136
08.08.2018 08:00;450;238;212
08.08.2018 09:00;423;246;177
08.08.2018 10:00;328;187;141
08.08.2018 11:00;395;204;191
08.08.2018 12:00;521;261;260
08.08.2018 13:00;466;236;230
08.08.2018 14:00;575;271;304
08.08.2018 15:00;593;280;313
08.08.2018 16:00;766;359;407
08.08.2018 17:00;774;373;401
08.08.2018 18:00;743;340;403
08.08.2018 19:00;617;316;301
08.08.2018 20:00;474;235;239
08.08.2018 21:00;357;166;191
08.08.2018 22:00;330;111;219
08.08.2018 23:00;251;69;182
09.08.2018 00:00;146;22;124
09.08.2018 01:00;63;22;41
09.08.2018 02:00;26;9;17
09.08.2018 03:00;11;7;4
09.08.2018 04:00;9;3;6
09.08.2018 05:00;47;25;22
09.08.2018 06:00;140;88;52
09.08.2018 07:00;351;185;166
09.08.2018 08:00;549;299;250
09.08.2018 09:00;532;311;221
09.08.2018 10:00;449;236;213
09.08.2018 11:00;528;231;297
09.08.2018 12:00;607;256;351
09.08.2018 13:00;543;253;290
09.08.2018 14:00;519;234;285
09.08.2018 15:00;639;319;320
09.08.2018 16:00;755;346;409
09.08.2018 17:00;832;357;475
09.08.2018 18:00;597;246;351
09.08.2018 19:00;422;208;214
09.08.2018 20:00;272;129;143
09.08.2018 21:00;201;80;121
09.08.2018 22:00;205;97;108
09.08.2018 23:00;144;56;88
10.08.2018 00:00;99;20;79
10.08.2018 01:00;45;8;37
10.08.2018 02:00;22;11;11
10.08.2018 03:00;6;5;1
10.08.2018 04:00;3;2;1
10.08.2018 05:00;32;12;20
10.08.2018 06:00;114;73;41
10.08.2018 07:00;199;107;92
10.08.2018 08:00;347;201;146
10.08.2018 09:00;363;224;139
10.08.2018 10:00;441;251;190
10.08.2018 11:00;490;270;220
10.08.2018 12:00;499;244;255
10.08.2018 13:00;528;247;281
10.08.2018 14:00;566;280;286
10.08.2018 15:00;597;282;315
10.08.2018 16:00;737;344;393
10.08.2018 17:00;657;326;331
10.08.2018 18:00;651;307;344
10.08.2018 19:00;547;265;282
10.08.2018 20:00;467;242;225
10.08.2018 21:00;375;219;156
10.08.2018 22:00;293;89;204
10.08.2018 23:00;246;55;191
11.08.2018 00:00;234;40;194
11.08.2018 01:00;110;16;94
11.08.2018 02:00;67;18;49
11.08.2018 03:00;54;23;31
11.08.2018 04:00;27;11;16
11.08.2018 05:00;28;17;11
11.08.2018 06:00;68;42;26
11.08.2018 07:00;92;47;45
11.08.2018 08:00;209;116;93
11.08.2018 09:00;365;232;133
11.08.2018 10:00;530;294;236
11.08.2018 11:00;638;329;309
11.08.2018 12:00;615;329;286
11.08.2018 13:00;750;328;422
11.08.2018 14:00;951;349;602
11.08.2018 15:00;965;379;586
11.08.2018 16:00;925;340;585
11.08.2018 17:00;987;466;521
11.08.2018 18:00;936;452;484
11.08.2018 19:00;834;401;433
11.08.2018 20:00;725;355;370
11.08.2018 21:00;593;260;333
11.08.2018 22:00;279;147;132
11.08.2018 23:00;931;483;448
12.08.2018 00:00;499;214;285
12.08.2018 01:00;284;83;201
12.08.2018 02:00;168;41;127
12.08.2018 03:00;110;41;69
12.08.2018 04:00;34;18;16
12.08.2018 05:00;34;19;15
12.08.2018 06:00;30;12;18
12.08.2018 07:00;58;32;26
12.08.2018 08:00;86;45;41
12.08.2018 09:00;236;128;108
12.08.2018 10:00;279;138;141
12.08.2018 11:00;405;201;204
12.08.2018 12:00;435;204;231
12.08.2018 13:00;517;238;279
12.08.2018 14:00;512;233;279
12.08.2018 15:00;503;229;274
12.08.2018 16:00;500;262;238
12.08.2018 17:00;514;248;266
12.08.2018 18:00;519;274;245
12.08.2018 19:00;489;233;256
12.08.2018 20:00;429;221;208
12.08.2018 21:00;290;106;184
12.08.2018 22:00;198;86;112
12.08.2018 23:00;104;47;57
13.08.2018 00:00;65;25;40
13.08.2018 01:00;36;18;18
13.08.2018 02:00;18;9;9
13.08.2018 03:00;2;1;1
13.08.2018 04:00;7;4;3
13.08.2018 05:00;44;23;21
13.08.2018 06:00;142;96;46
13.08.2018 07:00;331;189;142
13.08.2018 08:00;429;253;176
13.08.2018 09:00;454;249;205
13.08.2018 10:00;540;273;267
13.08.2018 11:00;559;287;272
13.08.2018 12:00;622;272;350
13.08.2018 13:00;459;219;240
13.08.2018 14:00;387;189;198
13.08.2018 15:00;437;211;226
13.08.2018 16:00;548;252;296
13.08.2018 17:00;610;285;325
13.08.2018 18:00;548;257;291
13.08.2018 19:00;397;193;204
13.08.2018 20:00;281;111;170
13.08.2018 21:00;206;87;119
13.08.2018 22:00;136;66;70
13.08.2018 23:00;75;27;48
14.08.2018 00:00;39;15;24
14.08.2018 01:00;21;10;11
14.08.2018 02:00;24;6;18
14.08.2018 03:00;9;4;5
14.08.2018 04:00;12;7;5
14.08.2018 05:00;24;9;15
14.08.2018 06:00;123;87;36
14.08.2018 07:00;287;155;132
14.08.2018 08:00;421;245;176
14.08.2018 09:00;436;263;173
14.08.2018 10:00;415;219;196
14.08.2018 11:00;523;274;249
14.08.2018 12:00;501;238;263
14.08.2018 13:00;412;170;242
14.08.2018 14:00;463;231;232
14.08.2018 15:00;558;285;273
14.08.2018 16:00;653;323;330
14.08.2018 17:00;791;361;430
14.08.2018 18:00;744;296;448
14.08.2018 19:00;537;237;300
14.08.2018 20:00;351;176;175
14.08.2018 21:00;247;109;138
14.08.2018 22:00;202;73;129
14.08.2018 23:00;127;50;77
15.08.2018 00:00;67;25;42
15.08.2018 01:00;44;16;28
15.08.2018 02:00;33;11;22
15.08.2018 03:00;12;5;7
15.08.2018 04:00;7;5;2
15.08.2018 05:00;42;22;20
15.08.2018 06:00;135;88;47
15.08.2018 07:00;322;173;149
15.08.2018 08:00;431;266;165
15.08.2018 09:00;532;292;240
15.08.2018 10:00;509;253;256
15.08.2018 11:00;584;328;256
15.08.2018 12:00;645;305;340
15.08.2018 13:00;547;260;287
15.08.2018 14:00;626;305;321
15.08.2018 15:00;662;305;357
15.08.2018 16:00;730;371;359
15.08.2018 17:00;888;419;469
15.08.2018 18:00;772;331;441
15.08.2018 19:00;616;310;306
15.08.2018 20:00;462;215;247
15.08.2018 21:00;343;144;199
15.08.2018 22:00;310;98;212
15.08.2018 23:00;172;52;120
16.08.2018 00:00;103;29;74
16.08.2018 01:00;47;10;37
16.08.2018 02:00;16;10;6
16.08.2018 03:00;13;4;9
16.08.2018 04:00;13;4;9
16.08.2018 05:00;47;27;20
16.08.2018 06:00;143;94;49
16.08.2018 07:00;315;171;144
16.08.2018 08:00;464;278;186
16.08.2018 09:00;416;250;166
16.08.2018 10:00;498;268;230
16.08.2018 11:00;501;238;263
16.08.2018 12:00;519;252;267
16.08.2018 13:00;545;259;286
16.08.2018 14:00;551;271;280
16.08.2018 15:00;614;251;363
16.08.2018 16:00;678;336;342
16.08.2018 17:00;835;391;444
16.08.2018 18:00;819;317;502
16.08.2018 19:00;669;262;407
16.08.2018 20:00;484;195;289
16.08.2018 21:00;339;151;188
16.08.2018 22:00;321;150;171
16.08.2018 23:00;236;148;88
17.08.2018 00:00;159;97;62
17.08.2018 01:00;74;35;39
17.08.2018 02:00;37;18;19
17.08.2018 03:00;10;4;6
17.08.2018 04:00;9;8;1
17.08.2018 05:00;41;19;22
17.08.2018 06:00;114;74;40
17.08.2018 07:00;298;151;147
17.08.2018 08:00;398;224;174
17.08.2018 09:00;511;318;193
17.08.2018 10:00;502;262;240
17.08.2018 11:00;572;286;286
17.08.2018 12:00;581;255;326
17.08.2018 13:00;561;257;304
17.08.2018 14:00;559;263;296
17.08.2018 15:00;555;246;309
17.08.2018 16:00;664;327;337
17.08.2018 17:00;629;244;385
17.08.2018 18:00;365;178;187
17.08.2018 19:00;252;123;129
17.08.2018 20:00;203;94;109
17.08.2018 21:00;156;64;92
17.08.2018 22:00;133;52;81
17.08.2018 23:00;126;34;92
18.08.2018 00:00;72;22;50
18.08.2018 01:00;43;17;26
18.08.2018 02:00;32;13;19
18.08.2018 03:00;29;13;16
18.08.2018 04:00;15;7;8
18.08.2018 05:00;21;11;10
18.08.2018 06:00;36;22;14
18.08.2018 07:00;56;36;20
18.08.2018 08:00;132;65;67
18.08.2018 09:00;286;176;110
18.08.2018 10:00;424;220;204
18.08.2018 11:00;473;261;212
18.08.2018 12:00;495;231;264
18.08.2018 13:00;544;249;295
18.08.2018 14:00;558;246;312
18.08.2018 15:00;497;238;259
18.08.2018 16:00;532;224;308
18.08.2018 17:00;499;226;273
18.08.2018 18:00;497;218;279
18.08.2018 19:00;443;204;239
18.08.2018 20:00;365;150;215
18.08.2018 21:00;245;124;121
18.08.2018 22:00;176;82;94
18.08.2018 23:00;186;54;132
19.08.2018 00:00;143;51;92
19.08.2018 01:00;111;37;74
19.08.2018 02:00;50;17;33
19.08.2018 03:00;28;10;18
19.08.2018 04:00;21;11;10
19.08.2018 05:00;26;11;15
19.08.2018 06:00;26;16;10
19.08.2018 07:00;35;15;20
19.08.2018 08:00;121;60;61
19.08.2018 09:00;244;125;119
19.08.2018 10:00;315;163;152
19.08.2018 11:00;422;205;217
19.08.2018 12:00;387;167;220
19.08.2018 13:00;358;157;201
19.08.2018 14:00;457;195;262
19.08.2018 15:00;427;192;235
19.08.2018 16:00;450;230;220
19.08.2018 17:00;459;255;204
19.08.2018 18:00;498;236;262
19.08.2018 19:00;410;224;186
19.08.2018 20:00;326;149;177
19.08.2018 21:00;225;88;137
19.08.2018 22:00;145;52;93
19.08.2018 23:00;84;31;53
20.08.2018 00:00;137;69;68
20.08.2018 01:00;143;74;69
20.08.2018 02:00;10;5;5
20.08.2018 03:00;11;4;7
20.08.2018 04:00;5;2;3
20.08.2018 05:00;35;19;16
20.08.2018 06:00;127;88;39
20.08.2018 07:00;298;154;144
20.08.2018 08:00;419;230;189
20.08.2018 09:00;442;258;184
20.08.2018 10:00;406;220;186
20.08.2018 11:00;506;242;264
20.08.2018 12:00;464;245;219
20.08.2018 13:00;506;249;257
20.08.2018 14:00;494;239;255
20.08.2018 15:00;597;267;330
20.08.2018 16:00;613;299;314
20.08.2018 17:00;804;394;410
20.08.2018 18:00;708;309;399
20.08.2018 19:00;608;272;336
20.08.2018 20:00;481;213;268
20.08.2018 21:00;303;126;177
20.08.2018 22:00;190;75;115
20.08.2018 23:00;139;45;94
21.08.2018 00:00;82;25;57
21.08.2018 01:00;50;15;35
21.08.2018 02:00;16;5;11
21.08.2018 03:00;6;4;2
21.08.2018 04:00;11;6;5
21.08.2018 05:00;47;24;23
21.08.2018 06:00;149;104;45
21.08.2018 07:00;322;160;162
21.08.2018 08:00;518;292;226
21.08.2018 09:00;495;268;227
21.08.2018 10:00;530;286;244
21.08.2018 11:00;543;254;289
21.08.2018 12:00;515;272;243
21.08.2018 13:00;524;223;301
21.08.2018 14:00;593;282;311
21.08.2018 15:00;591;268;323
21.08.2018 16:00;699;330;369
21.08.2018 17:00;840;420;420
21.08.2018 18:00;795;363;432
21.08.2018 19:00;642;278;364
21.08.2018 20:00;468;213;255
21.08.2018 21:00;352;156;196
21.08.2018 22:00;272;88;184
21.08.2018 23:00;132;51;81
22.08.2018 00:00;83;21;62
22.08.2018 01:00;31;11;20
22.08.2018 02:00;27;12;15
22.08.2018 03:00;7;3;4
22.08.2018 04:00;7;5;2
22.08.2018 05:00;54;26;28
22.08.2018 06:00;134;77;57
22.08.2018 07:00;315;183;132
22.08.2018 08:00;442;256;186
22.08.2018 09:00;490;289;201
22.08.2018 10:00;527;271;256
22.08.2018 11:00;479;229;250
22.08.2018 12:00;530;237;293
22.08.2018 13:00;487;211;276
22.08.2018 14:00;518;249;269
22.08.2018 15:00;570;280;290
22.08.2018 16:00;674;341;333
22.08.2018 17:00;772;372;400
22.08.2018 18:00;728;328;400
22.08.2018 19:00;614;296;318
22.08.2018 20:00;507;235;272
22.08.2018 21:00;328;130;198
22.08.2018 22:00;260;87;173
22.08.2018 23:00;184;62;122
23.08.2018 00:00;90;33;57
23.08.2018 01:00;63;23;40
23.08.2018 02:00;26;9;17
23.08.2018 03:00;12;4;8
23.08.2018 04:00;24;14;10
23.08.2018 05:00;51;26;25
23.08.2018 06:00;124;76;48
23.08.2018 07:00;301;166;135
23.08.2018 08:00;441;234;207
23.08.2018 09:00;428;265;163
23.08.2018 10:00;435;222;213
23.08.2018 11:00;508;263;245
23.08.2018 12:00;498;246;252
23.08.2018 13:00;520;254;266
23.08.2018 14:00;515;250;265
23.08.2018 15:00;590;255;335
23.08.2018 16:00;474;199;275
23.08.2018 17:00;422;188;234
23.08.2018 18:00;480;214;266
23.08.2018 19:00;380;185;195
23.08.2018 20:00;292;135;157
23.08.2018 21:00;244;89;155
23.08.2018 22:00;174;68;106
23.08.2018 23:00;125;45;80
24.08.2018 00:00;90;39;51
24.08.2018 01:00;28;14;14
24.08.2018 02:00;11;8;3
24.08.2018 03:00;9;6;3
24.08.2018 04:00;3;0;3
24.08.2018 05:00;33;16;17
24.08.2018 06:00;93;59;34
24.08.2018 07:00;216;124;92
24.08.2018 08:00;255;155;100
24.08.2018 09:00;322;205;117
24.08.2018 10:00;319;182;137
24.08.2018 11:00;402;211;191
24.08.2018 12:00;461;204;257
24.08.2018 13:00;421;196;225
24.08.2018 14:00;458;229;229
24.08.2018 15:00;457;227;230
24.08.2018 16:00;531;258;273
24.08.2018 17:00;545;241;304
24.08.2018 18:00;457;184;273
24.08.2018 19:00;364;181;183
24.08.2018 20:00;263;124;139
24.08.2018 21:00;214;103;111
24.08.2018 22:00;215;83;132
24.08.2018 23:00;134;47;87
25.08.2018 00:00;112;30;82
25.08.2018 01:00;74;23;51
25.08.2018 02:00;56;16;40
25.08.2018 03:00;29;16;13
25.08.2018 04:00;14;7;7
25.08.2018 05:00;32;13;19
25.08.2018 06:00;39;19;20
25.08.2018 07:00;71;50;21
25.08.2018 08:00;168;70;98
25.08.2018 09:00;270;168;102
25.08.2018 10:00;364;201;163
25.08.2018 11:00;395;192;203
25.08.2018 12:00;337;187;150
25.08.2018 13:00;325;156;169
25.08.2018 14:00;344;148;196
25.08.2018 15:00;278;114;164
25.08.2018 16:00;251;108;143
25.08.2018 17:00;263;126;137
25.08.2018 18:00;217;99;118
25.08.2018 19:00;189;76;113
25.08.2018 20:00;210;94;116
25.08.2018 21:00;146;65;81
25.08.2018 22:00;110;54;56
25.08.2018 23:00;115;50;65
26.08.2018 00:00;105;34;71
26.08.2018 01:00;72;36;36
26.08.2018 02:00;52;22;30
26.08.2018 03:00;47;20;27
26.08.2018 04:00;18;2;16
26.08.2018 05:00;17;10;7
26.08.2018 06:00;23;11;12
26.08.2018 07:00;32;15;17
26.08.2018 08:00;70;32;38
26.08.2018 09:00;189;109;80
26.08.2018 10:00;223;107;116
26.08.2018 11:00;327;152;175
26.08.2018 12:00;346;168;178
26.08.2018 13:00;353;156;197
26.08.2018 14:00;429;212;217
26.08.2018 15:00;381;175;206
26.08.2018 16:00;378;186;192
26.08.2018 17:00;425;183;242
26.08.2018 18:00;438;215;223
26.08.2018 19:00;317;162;155
26.08.2018 20:00;274;139;135
26.08.2018 21:00;175;86;89
26.08.2018 22:00;104;41;63
26.08.2018 23:00;62;31;31
27.08.2018 00:00;49;17;32
27.08.2018 01:00;10;6;4
27.08.2018 02:00;7;3;4
27.08.2018 03:00;2;2;0
27.08.2018 04:00;4;1;3
27.08.2018 05:00;41;24;17
27.08.2018 06:00;146;92;54
27.08.2018 07:00;318;180;138
27.08.2018 08:00;441;243;198
27.08.2018 09:00;373;214;159
27.08.2018 10:00;418;214;204
27.08.2018 11:00;463;255;208
27.08.2018 12:00;475;231;244
27.08.2018 13:00;493;235;258
27.08.2018 14:00;500;260;240
27.08.2018 15:00;584;291;293
27.08.2018 16:00;698;350;348
27.08.2018 17:00;688;296;392
27.08.2018 18:00;611;242;369
27.08.2018 19:00;450;193;257
27.08.2018 20:00;345;144;201
27.08.2018 21:00;253;114;139
27.08.2018 22:00;166;72;94
27.08.2018 23:00;104;51;53
28.08.2018 00:00;68;35;33
28.08.2018 01:00;38;10;28
28.08.2018 02:00;11;4;7
28.08.2018 03:00;14;6;8
28.08.2018 04:00;5;2;3
28.08.2018 05:00;43;26;17
28.08.2018 06:00;138;89;49
28.08.2018 07:00;341;186;155
28.08.2018 08:00;523;286;237
28.08.2018 09:00;487;263;224
28.08.2018 10:00;513;250;263
28.08.2018 11:00;534;237;297
28.08.2018 12:00;480;203;277
28.08.2018 13:00;523;238;285
28.08.2018 14:00;614;304;310
28.08.2018 15:00;590;272;318
28.08.2018 16:00;774;368;406
28.08.2018 17:00;841;404;437
28.08.2018 18:00;762;334;428
28.08.2018 19:00;549;230;319
28.08.2018 20:00;411;148;263
28.08.2018 21:00;284;129;155
28.08.2018 22:00;216;81;135
28.08.2018 23:00;116;42;74
29.08.2018 00:00;84;33;51
29.08.2018 01:00;104;51;53
29.08.2018 02:00;17;11;6
29.08.2018 03:00;9;4;5
29.08.2018 04:00;8;5;3
29.08.2018 05:00;49;25;24
29.08.2018 06:00;141;88;53
29.08.2018 07:00;341;180;161
29.08.2018 08:00;505;270;235
29.08.2018 09:00;437;253;184
29.08.2018 10:00;456;229;227
29.08.2018 11:00;493;252;241
29.08.2018 12:00;504;204;300
29.08.2018 13:00;514;244;270
29.08.2018 14:00;601;293;308
29.08.2018 15:00;616;306;310
29.08.2018 16:00;682;332;350
29.08.2018 17:00;862;377;485
29.08.2018 18:00;586;266;320
29.08.2018 19:00;204;79;125
29.08.2018 20:00;229;100;129
29.08.2018 21:00;151;74;77
29.08.2018 22:00;135;49;86
29.08.2018 23:00;71;29;42
30.08.2018 00:00;49;10;39
30.08.2018 01:00;44;13;31
30.08.2018 02:00;12;8;4
30.08.2018 03:00;13;8;5
30.08.2018 04:00;8;5;3
30.08.2018 05:00;33;15;18
30.08.2018 06:00;118;74;44
30.08.2018 07:00;254;133;121
30.08.2018 08:00;344;191;153
30.08.2018 09:00;325;206;119
30.08.2018 10:00;306;159;147
30.08.2018 11:00;330;159;171
30.08.2018 12:00;417;213;204
30.08.2018 13:00;403;201;202
30.08.2018 14:00;397;192;205
30.08.2018 15:00;461;237;224
30.08.2018 16:00;596;307;289
30.08.2018 17:00;596;287;309
30.08.2018 18:00;557;247;310
30.08.2018 19:00;428;174;254
30.08.2018 20:00;295;121;174
30.08.2018 21:00;226;89;137
30.08.2018 22:00;174;75;99
30.08.2018 23:00;132;45;87
31.08.2018 00:00;54;14;40
31.08.2018 01:00;41;14;27
31.08.2018 02:00;19;8;11
31.08.2018 03:00;10;3;7
31.08.2018 04:00;7;5;2
31.08.2018 05:00;30;15;15
31.08.2018 06:00;90;56;34
31.08.2018 07:00;189;95;94
31.08.2018 08:00;284;154;130
31.08.2018 09:00;326;222;104
31.08.2018 10:00;331;194;137
31.08.2018 11:00;355;182;173
31.08.2018 12:00;316;127;189
31.08.2018 13:00;268;101;167
31.08.2018 14:00;288;141;147
31.08.2018 15:00;305;139;166
31.08.2018 16:00;327;165;162
31.08.2018 17:00;312;145;167
31.08.2018 18:00;223;75;148
31.08.2018 19:00;192;65;127
31.08.2018 20:00;140;73;67
31.08.2018 21:00;76;29;47
31.08.2018 22:00;69;34;35
31.08.2018 23:00;70;26;44
01.09.2018 00:00;50;15;35
01.09.2018 01:00;22;7;15
01.09.2018 02:00;36;8;28
01.09.2018 03:00;20;5;15
01.09.2018 04:00;10;4;6
01.09.2018 05:00;17;8;9
01.09.2018 06:00;40;26;14
01.09.2018 07:00;76;26;50
01.09.2018 08:00;157;53;104
01.09.2018 09:00;281;133;148
01.09.2018 10:00;235;96;139
01.09.2018 11:00;332;154;178
01.09.2018 12:00;368;162;206
01.09.2018 13:00;359;161;198
01.09.2018 14:00;411;153;258
01.09.2018 15:00;369;140;229
01.09.2018 16:00;346;129;217
01.09.2018 17:00;269;111;158
01.09.2018 18:00;255;93;162
01.09.2018 19:00;209;95;114
01.09.2018 20:00;189;84;105
01.09.2018 21:00;136;56;80
01.09.2018 22:00;137;63;74
01.09.2018 23:00;85;35;50
02.09.2018 00:00;83;31;52
02.09.2018 01:00;73;26;47
02.09.2018 02:00;116;37;79
02.09.2018 03:00;32;17;15
02.09.2018 04:00;24;13;11
02.09.2018 05:00;17;10;7
02.09.2018 06:00;22;11;11
02.09.2018 07:00;33;22;11
02.09.2018 08:00;56;28;28
02.09.2018 09:00;141;72;69
02.09.2018 10:00;162;105;57
02.09.2018 11:00;195;110;85
02.09.2018 12:00;232;109;123
02.09.2018 13:00;241;110;131
02.09.2018 14:00;319;146;173
02.09.2018 15:00;289;140;149
02.09.2018 16:00;281;123;158
02.09.2018 17:00;292;149;143
02.09.2018 18:00;298;150;148
02.09.2018 19:00;189;93;96
02.09.2018 20:00;155;65;90
02.09.2018 21:00;110;48;62
02.09.2018 22:00;82;42;40
02.09.2018 23:00;41;11;30
03.09.2018 00:00;30;12;18
03.09.2018 01:00;12;5;7
03.09.2018 02:00;3;1;2
03.09.2018 03:00;4;3;1
03.09.2018 04:00;3;1;2
03.09.2018 05:00;29;18;11
03.09.2018 06:00;133;76;57
03.09.2018 07:00;305;176;129
03.09.2018 08:00;467;244;223
03.09.2018 09:00;427;254;173
03.09.2018 10:00;392;226;166
03.09.2018 11:00;403;188;215
03.09.2018 12:00;447;187;260
03.09.2018 13:00;448;205;243
03.09.2018 14:00;509;249;260
03.09.2018 15:00;556;265;291
03.09.2018 16:00;628;330;298
03.09.2018 17:00;774;368;406
03.09.2018 18:00;612;273;339
03.09.2018 19:00;498;193;305
03.09.2018 20:00;369;153;216
03.09.2018 21:00;199;94;105
03.09.2018 22:00;176;64;112
03.09.2018 23:00;78;45;33
04.09.2018 00:00;47;20;27
04.09.2018 01:00;19;9;10
04.09.2018 02:00;8;4;4
04.09.2018 03:00;6;3;3
04.09.2018 04:00;7;3;4
04.09.2018 05:00;35;22;13
04.09.2018 06:00;159;95;64
04.09.2018 07:00;353;187;166
04.09.2018 08:00;552;303;249
04.09.2018 09:00;414;240;174
04.09.2018 10:00;435;241;194
04.09.2018 11:00;448;232;216
04.09.2018 12:00;534;255;279
04.09.2018 13:00;532;234;298
04.09.2018 14:00;568;290;278
04.09.2018 15:00;664;344;320
04.09.2018 16:00;804;397;407
04.09.2018 17:00;809;378;431
04.09.2018 18:00;691;271;420
04.09.2018 19:00;552;249;303
04.09.2018 20:00;369;162;207
04.09.2018 21:00;245;104;141
04.09.2018 22:00;216;93;123
04.09.2018 23:00;125;43;82
05.09.2018 00:00;66;18;48
05.09.2018 01:00;41;13;28
05.09.2018 02:00;42;17;25
05.09.2018 03:00;11;4;7
05.09.2018 04:00;10;2;8
05.09.2018 05:00;28;15;13
05.09.2018 06:00;144;89;55
05.09.2018 07:00;377;205;172
05.09.2018 08:00;544;285;259
05.09.2018 09:00;464;283;181
05.09.2018 10:00;458;255;203
05.09.2018 11:00;495;251;244
05.09.2018 12:00;522;265;257
05.09.2018 13:00;513;231;282
05.09.2018 14:00;581;274;307
05.09.2018 15:00;613;331;282
05.09.2018 16:00;766;366;400
05.09.2018 17:00;869;398;471
05.09.2018 18:00;760;344;416
05.09.2018 19:00;609;287;322
05.09.2018 20:00;454;201;253
05.09.2018 21:00;266;110;156
05.09.2018 22:00;252;99;153
05.09.2018 23:00;135;53;82
06.09.2018 00:00;76;29;47
06.09.2018 01:00;39;16;23
06.09.2018 02:00;11;4;7
06.09.2018 03:00;8;4;4
06.09.2018 04:00;8;4;4
06.09.2018 05:00;34;17;17
06.09.2018 06:00;139;79;60
06.09.2018 07:00;364;192;172
06.09.2018 08:00;599;322;277
06.09.2018 09:00;460;253;207
06.09.2018 10:00;477;238;239
06.09.2018 11:00;505;243;262
06.09.2018 12:00;536;269;267
06.09.2018 13:00;535;229;306
06.09.2018 14:00;594;270;324
06.09.2018 15:00;618;287;331
06.09.2018 16:00;706;378;328
06.09.2018 17:00;766;340;426
06.09.2018 18:00;689;294;395
06.09.2018 19:00;463;199;264
06.09.2018 20:00;341;143;198
06.09.2018 21:00;221;83;138
06.09.2018 22:00;190;74;116
06.09.2018 23:00;135;56;79
07.09.2018 00:00;82;29;53
07.09.2018 01:00;20;5;15
07.09.2018 02:00;20;5;15
07.09.2018 03:00;4;4;0
07.09.2018 04:00;10;4;6
07.09.2018 05:00;32;20;12
07.09.2018 06:00;119;71;48
07.09.2018 07:00;311;146;165
07.09.2018 08:00;532;303;229
07.09.2018 09:00;501;274;227
07.09.2018 10:00;428;237;191
07.09.2018 11:00;511;285;226
07.09.2018 12:00;570;241;329
07.09.2018 13:00;559;235;324
07.09.2018 14:00;560;277;283
07.09.2018 15:00;590;302;288
07.09.2018 16:00;585;279;306
07.09.2018 17:00;645;312;333
07.09.2018 18:00;595;322;273
07.09.2018 19:00;533;276;257
07.09.2018 20:00;508;261;247
07.09.2018 21:00;271;110;161
07.09.2018 22:00;272;81;191
07.09.2018 23:00;218;53;165
08.09.2018 00:00;193;50;143
08.09.2018 01:00;112;21;91
08.09.2018 02:00;71;26;45
08.09.2018 03:00;33;10;23
08.09.2018 04:00;15;3;12
08.09.2018 05:00;26;15;11
08.09.2018 06:00;43;25;18
08.09.2018 07:00;67;36;31
08.09.2018 08:00;180;97;83
08.09.2018 09:00;263;152;111
08.09.2018 10:00;419;237;182
08.09.2018 11:00;496;258;238
08.09.2018 12:00;584;317;267
08.09.2018 13:00;555;256;299
08.09.2018 14:00;520;249;271
08.09.2018 15:00;577;249;328
08.09.2018 16:00;588;255;333
08.09.2018 17:00;657;266;391
08.09.2018 18:00;511;208;303
08.09.2018 19:00;529;207;322
08.09.2018 20:00;368;171;197
08.09.2018 21:00;288;169;119
08.09.2018 22:00;179;74;105
08.09.2018 23:00;158;63;95
09.09.2018 00:00;113;51;62
09.09.2018 01:00;108;36;72
09.09.2018 02:00;51;22;29
09.09.2018 03:00;22;7;15
09.09.2018 04:00;16;6;10
09.09.2018 05:00;27;19;8
09.09.2018 06:00;36;18;18
09.09.2018 07:00;40;18;22
09.09.2018 08:00;104;54;50
09.09.2018 09:00;241;126;115
09.09.2018 10:00;306;146;160
09.09.2018 11:00;364;173;191
09.09.2018 12:00;420;201;219
09.09.2018 13:00;458;196;262
09.09.2018 14:00;496;249;247
09.09.2018 15:00;499;250;249
09.09.2018 16:00;478;211;267
09.09.2018 17:00;533;261;272
09.09.2018 18:00;510;237;273
09.09.2018 19:00;362;172;190
09.09.2018 20:00;306;138;168
09.09.2018 21:00;156;75;81
09.09.2018 22:00;116;48;68
09.09.2018 23:00;77;36;41
10.09.2018 00:00;32;13;19
10.09.2018 01:00;11;7;4
10.09.2018 02:00;9;7;2
10.09.2018 03:00;4;2;2
10.09.2018 04:00;6;3;3
10.09.2018 05:00;34;16;18
10.09.2018 06:00;161;92;69
10.09.2018 07:00;512;267;245
10.09.2018 08:00;817;420;397
10.09.2018 09:00;857;602;255
10.09.2018 10:00;467;255;212
10.09.2018 11:00;579;229;350
10.09.2018 12:00;706;287;419
10.09.2018 13:00;899;431;468
10.09.2018 14:00;646;330;316
10.09.2018 15:00;778;371;407
10.09.2018 16:00;839;387;452
10.09.2018 17:00;921;391;530
10.09.2018 18:00;864;399;465
10.09.2018 19:00;632;265;367
10.09.2018 20:00;405;161;244
10.09.2018 21:00;249;118;131
10.09.2018 22:00;187;68;119
10.09.2018 23:00;97;41;56
11.09.2018 00:00;47;16;31
11.09.2018 01:00;26;7;19
11.09.2018 02:00;10;2;8
11.09.2018 03:00;2;1;1
11.09.2018 04:00;14;8;6
11.09.2018 05:00;32;22;10
11.09.2018 06:00;169;104;65
11.09.2018 07:00;1096;701;395
11.09.2018 08:00;751;413;338
11.09.2018 09:00;555;306;249
11.09.2018 10:00;469;234;235
11.09.2018 11:00;516;262;254
11.09.2018 12:00;701;303;398
11.09.2018 13:00;1023;381;642
11.09.2018 14:00;697;305;392
11.09.2018 15:00;934;445;489
11.09.2018 16:00;929;421;508
11.09.2018 17:00;1008;486;522
11.09.2018 18:00;901;386;515
11.09.2018 19:00;722;327;395
11.09.2018 20:00;463;196;267
11.09.2018 21:00;316;142;174
11.09.2018 22:00;192;82;110
11.09.2018 23:00;120;42;78
12.09.2018 00:00;66;26;40
12.09.2018 01:00;27;7;20
12.09.2018 02:00;12;2;10
12.09.2018 03:00;5;2;3
12.09.2018 04:00;4;2;2
12.09.2018 05:00;46;23;23
12.09.2018 06:00;153;94;59
12.09.2018 07:00;1179;702;477
12.09.2018 08:00;677;360;317
12.09.2018 09:00;523;277;246
12.09.2018 10:00;446;261;185
12.09.2018 11:00;568;310;258
12.09.2018 12:00;731;265;466
12.09.2018 13:00;1063;428;635
12.09.2018 14:00;677;316;361
12.09.2018 15:00;917;423;494
12.09.2018 16:00;866;425;441
12.09.2018 17:00;1017;472;545
12.09.2018 18:00;906;417;489
12.09.2018 19:00;678;312;366
12.09.2018 20:00;497;202;295
12.09.2018 21:00;315;132;183
12.09.2018 22:00;252;91;161
12.09.2018 23:00;145;50;95
13.09.2018 00:00;77;20;57
13.09.2018 01:00;55;21;34
13.09.2018 02:00;18;9;9
13.09.2018 03:00;10;5;5
13.09.2018 04:00;5;2;3
13.09.2018 05:00;31;15;16
13.09.2018 06:00;154;93;61
13.09.2018 07:00;1029;632;397
13.09.2018 08:00;657;339;318
13.09.2018 09:00;506;301;205
13.09.2018 10:00;395;206;189
13.09.2018 11:00;481;260;221
13.09.2018 12:00;628;257;371
13.09.2018 13:00;921;355;566
13.09.2018 14:00;644;322;322
13.09.2018 15:00;824;405;419
13.09.2018 16:00;836;412;424
13.09.2018 17:00;911;364;547
13.09.2018 18:00;621;283;338
13.09.2018 19:00;395;172;223
13.09.2018 20:00;306;150;156
13.09.2018 21:00;149;57;92
13.09.2018 22:00;144;60;84
13.09.2018 23:00;85;28;57
14.09.2018 00:00;51;19;32
14.09.2018 01:00;25;7;18
14.09.2018 02:00;6;2;4
14.09.2018 03:00;5;2;3
14.09.2018 04:00;11;7;4
14.09.2018 05:00;39;23;16
14.09.2018 06:00;133;75;58
14.09.2018 07:00;815;473;342
14.09.2018 08:00;581;316;265
14.09.2018 09:00;560;387;173
14.09.2018 10:00;470;244;226
14.09.2018 11:00;496;248;248
14.09.2018 12:00;614;301;313
14.09.2018 13:00;946;369;577
14.09.2018 14:00;700;339;361
14.09.2018 15:00;704;356;348
14.09.2018 16:00;665;314;351
14.09.2018 17:00;720;287;433
14.09.2018 18:00;692;302;390
14.09.2018 19:00;495;232;263
14.09.2018 20:00;415;178;237
14.09.2018 21:00;239;123;116
14.09.2018 22:00;205;91;114
14.09.2018 23:00;171;73;98
15.09.2018 00:00;308;137;171
15.09.2018 01:00;92;26;66
15.09.2018 02:00;57;18;39
15.09.2018 03:00;32;13;19
15.09.2018 04:00;24;12;12
15.09.2018 05:00;24;16;8
15.09.2018 06:00;50;24;26
15.09.2018 07:00;73;46;27
15.09.2018 08:00;102;59;43
15.09.2018 09:00;381;231;150
15.09.2018 10:00;526;263;263
15.09.2018 11:00;541;278;263
15.09.2018 12:00;582;315;267
15.09.2018 13:00;601;312;289
15.09.2018 14:00;663;260;403
15.09.2018 15:00;662;339;323
15.09.2018 16:00;664;350;314
15.09.2018 17:00;625;288;337
15.09.2018 18:00;527;253;274
15.09.2018 19:00;500;234;266
15.09.2018 20:00;336;149;187
15.09.2018 21:00;280;105;175
15.09.2018 22:00;226;79;147
15.09.2018 23:00;191;68;123
16.09.2018 00:00;117;41;76
16.09.2018 01:00;130;39;91
16.09.2018 02:00;66;15;51
16.09.2018 03:00;44;12;32
16.09.2018 04:00;41;14;27
16.09.2018 05:00;19;13;6
16.09.2018 06:00;35;17;18
16.09.2018 07:00;40;22;18
16.09.2018 08:00;92;42;50
16.09.2018 09:00;224;112;112
16.09.2018 10:00;248;122;126
16.09.2018 11:00;351;162;189
16.09.2018 12:00;381;158;223
16.09.2018 13:00;440;219;221
16.09.2018 14:00;489;251;238
16.09.2018 15:00;572;322;250
16.09.2018 16:00;475;213;262
16.09.2018 17:00;464;218;246
16.09.2018 18:00;428;218;210
16.09.2018 19:00;306;161;145
16.09.2018 20:00;205;76;129
16.09.2018 21:00;107;43;64
16.09.2018 22:00;112;45;67
16.09.2018 23:00;64;23;41
17.09.2018 00:00;46;20;26
17.09.2018 01:00;10;8;2
17.09.2018 02:00;20;4;16
17.09.2018 03:00;6;2;4
17.09.2018 04:00;6;4;2
17.09.2018 05:00;44;22;22
17.09.2018 06:00;162;98;64
17.09.2018 07:00;1028;655;373
17.09.2018 08:00;716;382;334
17.09.2018 09:00;528;335;193
17.09.2018 10:00;384;181;203
17.09.2018 11:00;469;203;266
17.09.2018 12:00;536;273;263
17.09.2018 13:00;853;341;512
17.09.2018 14:00;638;304;334
17.09.2018 15:00;1018;490;528
17.09.2018 16:00;886;433;453
17.09.2018 17:00;1046;428;618
17.09.2018 18:00;874;390;484
17.09.2018 19:00;632;267;365
17.09.2018 20:00;431;170;261
17.09.2018 21:00;266;125;141
17.09.2018 22:00;171;79;92
17.09.2018 23:00;95;34;61
18.09.2018 00:00;58;14;44
18.09.2018 01:00;27;11;16
18.09.2018 02:00;14;6;8
18.09.2018 03:00;5;4;1
18.09.2018 04:00;5;4;1
18.09.2018 05:00;36;20;16
18.09.2018 06:00;173;113;60
18.09.2018 07:00;1031;656;375
18.09.2018 08:00;806;427;379
18.09.2018 09:00;564;327;237
18.09.2018 10:00;451;246;205
18.09.2018 11:00;591;301;290
18.09.2018 12:00;634;279;355
18.09.2018 13:00;896;350;546
18.09.2018 14:00;687;306;381
18.09.2018 15:00;1006;457;549
18.09.2018 16:00;852;414;438
18.09.2018 17:00;1052;468;584
18.09.2018 18:00;814;345;469
18.09.2018 19:00;695;287;408
18.09.2018 20:00;377;145;232
18.09.2018 21:00;254;119;135
18.09.2018 22:00;235;102;133
18.09.2018 23:00;106;45;61
19.09.2018 00:00;39;15;24
19.09.2018 01:00;28;14;14
19.09.2018 02:00;9;5;4
19.09.2018 03:00;2;0;2
19.09.2018 04:00;7;6;1
19.09.2018 05:00;39;19;20
19.09.2018 06:00;163;95;68
19.09.2018 07:00;1069;645;424
19.09.2018 08:00;739;423;316
19.09.2018 09:00;610;374;236
19.09.2018 10:00;395;191;204
19.09.2018 11:00;491;240;251
19.09.2018 12:00;612;272;340
19.09.2018 13:00;1036;414;622
19.09.2018 14:00;695;341;354
19.09.2018 15:00;923;416;507
19.09.2018 16:00;870;422;448
19.09.2018 17:00;1054;466;588
19.09.2018 18:00;896;385;511
19.09.2018 19:00;699;352;347
19.09.2018 20:00;496;198;298
19.09.2018 21:00;299;114;185
19.09.2018 22:00;237;105;132
19.09.2018 23:00;159;53;106
20.09.2018 00:00;81;23;58
20.09.2018 01:00;53;14;39
20.09.2018 02:00;13;6;7
20.09.2018 03:00;6;3;3
20.09.2018 04:00;9;5;4
20.09.2018 05:00;37;24;13
20.09.2018 06:00;155;89;66
20.09.2018 07:00;1062;673;389
20.09.2018 08:00;673;330;343
20.09.2018 09:00;546;305;241
20.09.2018 10:00;373;202;171
20.09.2018 11:00;582;282;300
20.09.2018 12:00;603;274;329
20.09.2018 13:00;852;330;522
20.09.2018 14:00;646;313;333
20.09.2018 15:00;958;461;497
20.09.2018 16:00;871;408;463
20.09.2018 17:00;1072;465;607
20.09.2018 18:00;834;374;460
20.09.2018 19:00;665;282;383
20.09.2018 20:00;407;185;222
20.09.2018 21:00;307;119;188
20.09.2018 22:00;261;104;157
20.09.2018 23:00;122;45;77
21.09.2018 00:00;373;188;185
21.09.2018 01:00;51;19;32
21.09.2018 02:00;10;6;4
21.09.2018 03:00;4;3;1
21.09.2018 04:00;6;6;0
21.09.2018 05:00;30;15;15
21.09.2018 06:00;160;102;58
21.09.2018 07:00;996;637;359
21.09.2018 08:00;634;339;295
21.09.2018 09:00;543;346;197
21.09.2018 10:00;471;258;213
21.09.2018 11:00;609;281;328
21.09.2018 12:00;756;316;440
21.09.2018 13:00;1031;371;660
21.09.2018 14:00;669;314;355
21.09.2018 15:00;650;310;340
21.09.2018 16:00;638;301;337
21.09.2018 17:00;602;284;318
21.09.2018 18:00;482;201;281
21.09.2018 19:00;481;221;260
21.09.2018 20:00;210;97;113
21.09.2018 21:00;158;77;81
21.09.2018 22:00;136;37;99
21.09.2018 23:00;120;38;82
22.09.2018 00:00;76;32;44
22.09.2018 01:00;53;15;38
22.09.2018 02:00;46;14;32
22.09.2018 03:00;31;9;22
22.09.2018 04:00;8;4;4
22.09.2018 05:00;25;15;10
22.09.2018 06:00;62;25;37
22.09.2018 07:00;81;43;38
22.09.2018 08:00;165;101;64
22.09.2018 09:00;324;186;138
22.09.2018 10:00;381;191;190
22.09.2018 11:00;425;236;189
22.09.2018 12:00;461;229;232
22.09.2018 13:00;482;241;241
22.09.2018 14:00;557;289;268
22.09.2018 15:00;558;255;303
22.09.2018 16:00;555;276;279
22.09.2018 17:00;509;231;278
22.09.2018 18:00;497;204;293
22.09.2018 19:00;406;165;241
22.09.2018 20:00;278;118;160
22.09.2018 21:00;215;106;109
22.09.2018 22:00;136;65;71
22.09.2018 23:00;146;43;103
23.09.2018 00:00;136;50;86
23.09.2018 01:00;77;29;48
23.09.2018 02:00;51;20;31
23.09.2018 03:00;56;18;38
23.09.2018 04:00;25;6;19
23.09.2018 05:00;29;6;23
23.09.2018 06:00;31;16;15
23.09.2018 07:00;36;22;14
23.09.2018 08:00;80;35;45
23.09.2018 09:00;186;99;87
23.09.2018 10:00;205;93;112
23.09.2018 11:00;234;108;126
23.09.2018 12:00;324;147;177
23.09.2018 13:00;282;130;152
23.09.2018 14:00;331;152;179
23.09.2018 15:00;419;192;227
23.09.2018 16:00;374;193;181
23.09.2018 17:00;353;187;166
23.09.2018 18:00;344;167;177
23.09.2018 19:00;282;135;147
23.09.2018 20:00;178;78;100
23.09.2018 21:00;69;26;43
23.09.2018 22:00;88;28;60
23.09.2018 23:00;49;19;30
24.09.2018 00:00;23;6;17
24.09.2018 01:00;8;2;6
24.09.2018 02:00;6;3;3
24.09.2018 03:00;3;3;0
24.09.2018 04:00;4;4;0
24.09.2018 05:00;34;16;18
24.09.2018 06:00;138;82;56
24.09.2018 07:00;885;523;362
24.09.2018 08:00;670;379;291
24.09.2018 09:00;432;268;164
24.09.2018 10:00;367;205;162
24.09.2018 11:00;397;189;208
24.09.2018 12:00;552;244;308
24.09.2018 13:00;740;267;473
24.09.2018 14:00;567;286;281
24.09.2018 15:00;808;393;415
24.09.2018 16:00;801;386;415
24.09.2018 17:00;882;374;508
24.09.2018 18:00;721;296;425
24.09.2018 19:00;529;247;282
24.09.2018 20:00;352;148;204
24.09.2018 21:00;200;83;117
24.09.2018 22:00;139;57;82
24.09.2018 23:00;89;33;56
25.09.2018 00:00;41;11;30
25.09.2018 01:00;43;9;34
25.09.2018 02:00;11;3;8
25.09.2018 03:00;6;5;1
25.09.2018 04:00;5;3;2
25.09.2018 05:00;31;20;11
25.09.2018 06:00;147;97;50
25.09.2018 07:00;887;543;344
25.09.2018 08:00;706;370;336
25.09.2018 09:00;516;318;198
25.09.2018 10:00;360;189;171
25.09.2018 11:00;479;250;229
25.09.2018 12:00;551;240;311
25.09.2018 13:00;830;319;511
25.09.2018 14:00;561;244;317
25.09.2018 15:00;862;390;472
25.09.2018 16:00;812;415;397
25.09.2018 17:00;952;438;514
25.09.2018 18:00;729;293;436
25.09.2018 19:00;579;288;291
25.09.2018 20:00;332;153;179
25.09.2018 21:00;212;82;130
25.09.2018 22:00;209;60;149
25.09.2018 23:00;97;37;60
26.09.2018 00:00;46;7;39
26.09.2018 01:00;34;15;19
26.09.2018 02:00;7;1;6
26.09.2018 03:00;9;6;3
26.09.2018 04:00;5;5;0
26.09.2018 05:00;40;21;19
26.09.2018 06:00;140;75;65
26.09.2018 07:00;946;500;446
26.09.2018 08:00;721;423;298
26.09.2018 09:00;507;307;200
26.09.2018 10:00;329;154;175
26.09.2018 11:00;422;196;226
26.09.2018 12:00;612;284;328
26.09.2018 13:00;903;375;528
26.09.2018 14:00;587;263;324
26.09.2018 15:00;755;327;428
26.09.2018 16:00;786;364;422
26.09.2018 17:00;902;361;541
26.09.2018 18:00;743;324;419
26.09.2018 19:00;575;247;328
26.09.2018 20:00;381;202;179
26.09.2018 21:00;245;109;136
26.09.2018 22:00;232;103;129
26.09.2018 23:00;117;55;62
27.09.2018 00:00;82;28;54
27.09.2018 01:00;51;7;44
27.09.2018 02:00;24;9;15
27.09.2018 03:00;4;2;2
27.09.2018 04:00;6;6;0
27.09.2018 05:00;32;21;11
27.09.2018 06:00;125;69;56
27.09.2018 07:00;865;518;347
27.09.2018 08:00;651;359;292
27.09.2018 09:00;483;311;172
27.09.2018 10:00;347;188;159
27.09.2018 11:00;453;204;249
27.09.2018 12:00;571;237;334
27.09.2018 13:00;771;310;461
27.09.2018 14:00;596;309;287
27.09.2018 15:00;820;416;404
27.09.2018 16:00;866;420;446
27.09.2018 17:00;927;354;573
27.09.2018 18:00;921;389;532
27.09.2018 19:00;588;263;325
27.09.2018 20:00;429;217;212
27.09.2018 21:00;287;122;165
27.09.2018 22:00;217;100;117
27.09.2018 23:00;159;83;76
28.09.2018 00:00;55;9;46
28.09.2018 01:00;30;11;19
28.09.2018 02:00;18;13;5
28.09.2018 03:00;8;5;3
28.09.2018 04:00;7;6;1
28.09.2018 05:00;36;20;16
28.09.2018 06:00;123;68;55
28.09.2018 07:00;837;502;335
28.09.2018 08:00;620;357;263
28.09.2018 09:00;523;320;203
28.09.2018 10:00;454;265;189
28.09.2018 11:00;583;233;350
28.09.2018 12:00;724;329;395
28.09.2018 13:00;882;402;480
28.09.2018 14:00;663;334;329
28.09.2018 15:00;792;421;371
28.09.2018 16:00;767;379;388
28.09.2018 17:00;802;371;431
28.09.2018 18:00;710;315;395
28.09.2018 19:00;504;211;293
28.09.2018 20:00;346;152;194
28.09.2018 21:00;184;94;90
28.09.2018 22:00;194;65;129
28.09.2018 23:00;179;66;113
29.09.2018 00:00;131;37;94
29.09.2018 01:00;95;22;73
29.09.2018 02:00;39;11;28
29.09.2018 03:00;32;8;24
29.09.2018 04:00;12;8;4
29.09.2018 05:00;30;19;11
29.09.2018 06:00;40;24;16
29.09.2018 07:00;71;41;30
29.09.2018 08:00;166;101;65
29.09.2018 09:00;308;172;136
29.09.2018 10:00;360;229;131
29.09.2018 11:00;419;218;201
29.09.2018 12:00;490;271;219
29.09.2018 13:00;486;235;251
29.09.2018 14:00;550;242;308
29.09.2018 15:00;509;255;254
29.09.2018 16:00;593;298;295
29.09.2018 17:00;538;252;286
29.09.2018 18:00;455;185;270
29.09.2018 19:00;399;174;225
29.09.2018 20:00;295;124;171
29.09.2018 21:00;209;101;108
29.09.2018 22:00;181;68;113
29.09.2018 23:00;156;69;87
30.09.2018 00:00;140;50;90
30.09.2018 01:00;97;30;67
30.09.2018 02:00;65;14;51
30.09.2018 03:00;50;21;29
30.09.2018 04:00;19;10;9
30.09.2018 05:00;20;11;9
30.09.2018 06:00;28;14;14
30.09.2018 07:00;26;12;14
30.09.2018 08:00;54;31;23
30.09.2018 09:00;157;102;55
30.09.2018 10:00;271;143;128
30.09.2018 11:00;307;162;145
30.09.2018 12:00;342;185;157
30.09.2018 13:00;407;205;202
30.09.2018 14:00;471;221;250
30.09.2018 15:00;489;276;213
30.09.2018 16:00;517;238;279
30.09.2018 17:00;496;235;261
30.09.2018 18:00;393;176;217
30.09.2018 19:00;278;125;153
30.09.2018 20:00;210;90;120
30.09.2018 21:00;114;38;76
30.09.2018 22:00;90;28;62
30.09.2018 23:00;50;17;33
01.10.2018 00:00;25;9;16
01.10.2018 01:00;17;8;9
01.10.2018 02:00;3;1;2
01.10.2018 03:00;3;1;2
01.10.2018 04:00;2;1;1
01.10.2018 05:00;18;10;8
01.10.2018 06:00;86;46;40
01.10.2018 07:00;566;347;219
01.10.2018 08:00;426;257;169
01.10.2018 09:00;402;281;121
01.10.2018 10:00;234;136;98
01.10.2018 11:00;343;178;165
01.10.2018 12:00;449;200;249
01.10.2018 13:00;614;254;360
01.10.2018 14:00;413;200;213
01.10.2018 15:00;677;316;361
01.10.2018 16:00;565;285;280
01.10.2018 17:00;703;318;385
01.10.2018 18:00;581;266;315
01.10.2018 19:00;459;222;237
01.10.2018 20:00;276;124;152
01.10.2018 21:00;205;64;141
01.10.2018 22:00;155;66;89
01.10.2018 23:00;108;37;71
02.10.2018 00:00;47;14;33
02.10.2018 01:00;20;1;19
02.10.2018 02:00;10;1;9
02.10.2018 03:00;5;1;4
02.10.2018 04:00;5;2;3
02.10.2018 05:00;37;23;14
02.10.2018 06:00;132;72;60
02.10.2018 07:00;997;682;315
02.10.2018 08:00;715;423;292
02.10.2018 09:00;629;374;255
02.10.2018 10:00;415;223;192
02.10.2018 11:00;604;292;312
02.10.2018 12:00;649;270;379
02.10.2018 13:00;938;345;593
02.10.2018 14:00;587;253;334
02.10.2018 15:00;972;420;552
02.10.2018 16:00;779;383;396
02.10.2018 17:00;984;461;523
02.10.2018 18:00;746;350;396
02.10.2018 19:00;651;275;376
02.10.2018 20:00;419;217;202
02.10.2018 21:00;256;116;140
02.10.2018 22:00;215;88;127
02.10.2018 23:00;150;50;100
03.10.2018 00:00;134;46;88
03.10.2018 01:00;105;32;73
03.10.2018 02:00;73;27;46
03.10.2018 03:00;31;10;21
03.10.2018 04:00;21;10;11
03.10.2018 05:00;32;19;13
03.10.2018 06:00;42;35;7
03.10.2018 07:00;74;54;20
03.10.2018 08:00;82;51;31
03.10.2018 09:00;154;84;70
03.10.2018 10:00;155;86;69
03.10.2018 11:00;172;84;88
03.10.2018 12:00;236;124;112
03.10.2018 13:00;270;123;147
03.10.2018 14:00;305;142;163
03.10.2018 15:00;346;188;158
03.10.2018 16:00;356;190;166
03.10.2018 17:00;399;168;231
03.10.2018 18:00;381;163;218
03.10.2018 19:00;336;144;192
03.10.2018 20:00;212;100;112
03.10.2018 21:00;156;57;99
03.10.2018 22:00;148;45;103
03.10.2018 23:00;112;49;63
04.10.2018 00:00;51;10;41
04.10.2018 01:00;21;7;14
04.10.2018 02:00;9;6;3
04.10.2018 03:00;4;3;1
04.10.2018 04:00;6;6;0
04.10.2018 05:00;29;15;14
04.10.2018 06:00;110;61;49
04.10.2018 07:00;1006;675;331
04.10.2018 08:00;666;337;329
04.10.2018 09:00;684;478;206
04.10.2018 10:00;446;250;196
04.10.2018 11:00;647;296;351
04.10.2018 12:00;640;264;376
04.10.2018 13:00;999;435;564
04.10.2018 14:00;607;298;309
04.10.2018 15:00;1026;448;578
04.10.2018 16:00;903;447;456
04.10.2018 17:00;1071;494;577
04.10.2018 18:00;834;364;470
04.10.2018 19:00;657;322;335
04.10.2018 20:00;403;180;223
04.10.2018 21:00;262;88;174
04.10.2018 22:00;207;65;142
04.10.2018 23:00;114;37;77
05.10.2018 00:00;70;30;40
05.10.2018 01:00;36;13;23
05.10.2018 02:00;25;19;6
05.10.2018 03:00;12;10;2
05.10.2018 04:00;4;2;2
05.10.2018 05:00;33;18;15
05.10.2018 06:00;119;70;49
05.10.2018 07:00;912;628;284
05.10.2018 08:00;595;330;265
05.10.2018 09:00;581;376;205
05.10.2018 10:00;467;242;225
05.10.2018 11:00;783;350;433
05.10.2018 12:00;665;252;413
05.10.2018 13:00;891;350;541
05.10.2018 14:00;687;333;354
05.10.2018 15:00;804;429;375
05.10.2018 16:00;731;359;372
05.10.2018 17:00;783;351;432
05.10.2018 18:00;807;339;468
05.10.2018 19:00;636;347;289
05.10.2018 20:00;378;164;214
05.10.2018 21:00;327;148;179
05.10.2018 22:00;298;91;207
05.10.2018 23:00;192;41;151
06.10.2018 00:00;175;39;136
06.10.2018 01:00;112;23;89
06.10.2018 02:00;53;14;39
06.10.2018 03:00;52;13;39
06.10.2018 04:00;19;6;13
06.10.2018 05:00;23;9;14
06.10.2018 06:00;29;18;11
06.10.2018 07:00;55;26;29
06.10.2018 08:00;160;87;73
06.10.2018 09:00;282;172;110
06.10.2018 10:00;330;181;149
06.10.2018 11:00;447;210;237
06.10.2018 12:00;511;272;239
06.10.2018 13:00;526;286;240
06.10.2018 14:00;565;308;257
06.10.2018 15:00;569;298;271
06.10.2018 16:00;547;244;303
06.10.2018 17:00;592;243;349
06.10.2018 18:00;472;206;266
06.10.2018 19:00;393;179;214
06.10.2018 20:00;266;118;148
06.10.2018 21:00;191;98;93
06.10.2018 22:00;186;69;117
06.10.2018 23:00;151;47;104
07.10.2018 00:00;104;33;71
07.10.2018 01:00;86;23;63
07.10.2018 02:00;56;8;48
07.10.2018 03:00;42;12;30
07.10.2018 04:00;18;7;11
07.10.2018 05:00;12;7;5
07.10.2018 06:00;19;7;12
07.10.2018 07:00;37;23;14
07.10.2018 08:00;61;27;34
07.10.2018 09:00;178;78;100
07.10.2018 10:00;228;116;112
07.10.2018 11:00;279;122;157
07.10.2018 12:00;377;176;201
07.10.2018 13:00;435;191;244
07.10.2018 14:00;442;206;236
07.10.2018 15:00;472;245;227
07.10.2018 16:00;431;227;204
07.10.2018 17:00;467;252;215
07.10.2018 18:00;433;225;208
07.10.2018 19:00;308;154;154
07.10.2018 20:00;191;80;111
07.10.2018 21:00;111;51;60
07.10.2018 22:00;111;54;57
07.10.2018 23:00;68;25;43
08.10.2018 00:00;21;10;11
08.10.2018 01:00;18;3;15
08.10.2018 02:00;4;1;3
08.10.2018 03:00;2;1;1
08.10.2018 04:00;5;5;0
08.10.2018 05:00;30;14;16
08.10.2018 06:00;134;71;63
08.10.2018 07:00;1064;707;357
08.10.2018 08:00;656;352;304
08.10.2018 09:00;675;459;216
08.10.2018 10:00;408;225;183
08.10.2018 11:00;627;289;338
08.10.2018 12:00;586;274;312
08.10.2018 13:00;1008;446;562
08.10.2018 14:00;699;347;352
08.10.2018 15:00;1082;453;629
08.10.2018 16:00;927;427;500
08.10.2018 17:00;1105;462;643
08.10.2018 18:00;852;393;459
08.10.2018 19:00;615;268;347
08.10.2018 20:00;403;182;221
08.10.2018 21:00;278;114;164
08.10.2018 22:00;214;93;121
08.10.2018 23:00;128;35;93
09.10.2018 00:00;90;33;57
09.10.2018 01:00;30;7;23
09.10.2018 02:00;20;10;10
09.10.2018 03:00;5;4;1
09.10.2018 04:00;9;7;2
09.10.2018 05:00;35;23;12
09.10.2018 06:00;145;75;70
09.10.2018 07:00;1144;776;368
09.10.2018 08:00;790;460;330
09.10.2018 09:00;703;449;254
09.10.2018 10:00;428;222;206
09.10.2018 11:00;612;266;346
09.10.2018 12:00;614;248;366
09.10.2018 13:00;912;383;529
09.10.2018 14:00;576;264;312
09.10.2018 15:00;1014;493;521
09.10.2018 16:00;908;437;471
09.10.2018 17:00;1125;468;657
09.10.2018 18:00;879;379;500
09.10.2018 19:00;723;313;410
09.10.2018 20:00;363;150;213
09.10.2018 21:00;269;97;172
09.10.2018 22:00;261;87;174
09.10.2018 23:00;109;50;59
10.10.2018 00:00;46;18;28
10.10.2018 01:00;34;11;23
10.10.2018 02:00;7;6;1
10.10.2018 03:00;2;1;1
10.10.2018 04:00;2;2;0
10.10.2018 05:00;41;19;22
10.10.2018 06:00;128;62;66
10.10.2018 07:00;1220;838;382
10.10.2018 08:00;760;451;309
10.10.2018 09:00;698;430;268
10.10.2018 10:00;414;199;215
10.10.2018 11:00;669;249;420
10.10.2018 12:00;649;297;352
10.10.2018 13:00;1061;504;557
10.10.2018 14:00;628;290;338
10.10.2018 15:00;947;449;498
10.10.2018 16:00;907;426;481
10.10.2018 17:00;1187;480;707
10.10.2018 18:00;911;438;473
10.10.2018 19:00;666;321;345
10.10.2018 20:00;453;192;261
10.10.2018 21:00;290;115;175
10.10.2018 22:00;263;104;159
10.10.2018 23:00;177;56;121
11.10.2018 00:00;89;27;62
11.10.2018 01:00;41;12;29
11.10.2018 02:00;27;6;21
11.10.2018 03:00;10;1;9
11.10.2018 04:00;5;4;1
11.10.2018 05:00;32;19;13
11.10.2018 06:00;136;76;60
11.10.2018 07:00;1137;766;371
11.10.2018 08:00;690;385;305
11.10.2018 09:00;646;423;223
11.10.2018 10:00;454;243;211
11.10.2018 11:00;627;294;333
11.10.2018 12:00;628;256;372
11.10.2018 13:00;1083;437;646
11.10.2018 14:00;669;324;345
11.10.2018 15:00;1072;464;608
11.10.2018 16:00;922;409;513
11.10.2018 17:00;1021;401;620
11.10.2018 18:00;795;353;442
11.10.2018 19:00;582;298;284
11.10.2018 20:00;361;193;168
11.10.2018 21:00;290;117;173
11.10.2018 22:00;271;111;160
11.10.2018 23:00;164;92;72
12.10.2018 00:00;70;12;58
12.10.2018 01:00;70;11;59
12.10.2018 02:00;50;6;44
12.10.2018 03:00;59;3;56
12.10.2018 04:00;17;8;9
12.10.2018 05:00;45;25;20
12.10.2018 06:00;135;77;58
12.10.2018 07:00;943;615;328
12.10.2018 08:00;693;395;298
12.10.2018 09:00;650;428;222
12.10.2018 10:00;454;257;197
12.10.2018 11:00;613;265;348
12.10.2018 12:00;693;309;384
12.10.2018 13:00;1092;404;688
12.10.2018 14:00;704;372;332
12.10.2018 15:00;766;364;402
12.10.2018 16:00;763;334;429
12.10.2018 17:00;798;339;459
12.10.2018 18:00;720;335;385
12.10.2018 19:00;535;250;285
12.10.2018 20:00;380;168;212
12.10.2018 21:00;242;119;123
12.10.2018 22:00;218;100;118
12.10.2018 23:00;201;59;142
13.10.2018 00:00;138;44;94
13.10.2018 01:00;111;42;69
13.10.2018 02:00;61;26;35
13.10.2018 03:00;39;10;29
13.10.2018 04:00;20;11;9
13.10.2018 05:00;25;14;11
13.10.2018 06:00;46;30;16
13.10.2018 07:00;67;39;28
13.10.2018 08:00;165;110;55
13.10.2018 09:00;291;172;119
13.10.2018 10:00;379;216;163
13.10.2018 11:00;454;240;214
13.10.2018 12:00;546;292;254
13.10.2018 13:00;650;344;306
13.10.2018 14:00;638;310;328
13.10.2018 15:00;598;308;290
13.10.2018 16:00;543;260;283
13.10.2018 17:00;622;300;322
13.10.2018 18:00;581;226;355
13.10.2018 19:00;457;214;243
13.10.2018 20:00;348;182;166
13.10.2018 21:00;214;124;90
13.10.2018 22:00;252;114;138
13.10.2018 23:00;205;89;116
14.10.2018 00:00;178;72;106
14.10.2018 01:00;112;35;77
14.10.2018 02:00;67;16;51
14.10.2018 03:00;56;14;42
14.10.2018 04:00;25;7;18
14.10.2018 05:00;29;6;23
14.10.2018 06:00;35;19;16
14.10.2018 07:00;44;22;22
14.10.2018 08:00;92;57;35
14.10.2018 09:00;158;92;66
14.10.2018 10:00;222;120;102
14.10.2018 11:00;285;148;137
14.10.2018 12:00;428;219;209
14.10.2018 13:00;559;312;247
14.10.2018 14:00;679;396;283
14.10.2018 15:00;574;339;235
14.10.2018 16:00;594;269;325
14.10.2018 17:00;627;256;371
14.10.2018 18:00;576;211;365
14.10.2018 19:00;343;160;183
14.10.2018 20:00;217;89;128
14.10.2018 21:00;139;46;93
14.10.2018 22:00;135;53;82
14.10.2018 23:00;85;28;57
15.10.2018 00:00;42;19;23
15.10.2018 01:00;16;6;10
15.10.2018 02:00;2;2;0
15.10.2018 03:00;1;1;0
15.10.2018 04:00;6;3;3
15.10.2018 05:00;34;20;14
15.10.2018 06:00;151;82;69
15.10.2018 07:00;992;645;347
15.10.2018 08:00;723;397;326
15.10.2018 09:00;753;489;264
15.10.2018 10:00;400;229;171
15.10.2018 11:00;622;294;328
15.10.2018 12:00;611;292;319
15.10.2018 13:00;949;401;548
15.10.2018 14:00;657;321;336
15.10.2018 15:00;990;433;557
15.10.2018 16:00;878;430;448
15.10.2018 17:00;1194;518;676
15.10.2018 18:00;933;400;533
15.10.2018 19:00;704;338;366
15.10.2018 20:00;437;208;229
15.10.2018 21:00;304;122;182
15.10.2018 22:00;246;88;158
15.10.2018 23:00;114;34;80
16.10.2018 00:00;73;25;48
16.10.2018 01:00;37;12;25
16.10.2018 02:00;18;6;12
16.10.2018 03:00;13;5;8
16.10.2018 04:00;8;5;3
16.10.2018 05:00;39;25;14
16.10.2018 06:00;129;69;60
16.10.2018 07:00;1104;750;354
16.10.2018 08:00;799;455;344
16.10.2018 09:00;734;468;266
16.10.2018 10:00;394;220;174
16.10.2018 11:00;661;314;347
16.10.2018 12:00;603;265;338
16.10.2018 13:00;1010;416;594
16.10.2018 14:00;608;271;337
16.10.2018 15:00;1011;472;539
16.10.2018 16:00;939;447;492
16.10.2018 17:00;1157;527;630
16.10.2018 18:00;898;393;505
16.10.2018 19:00;782;344;438
16.10.2018 20:00;409;187;222
16.10.2018 21:00;287;113;174
16.10.2018 22:00;231;89;142
16.10.2018 23:00;165;55;110
17.10.2018 00:00;64;29;35
17.10.2018 01:00;40;12;28
17.10.2018 02:00;7;2;5
17.10.2018 03:00;3;1;2
17.10.2018 04:00;3;2;1
17.10.2018 05:00;38;18;20
17.10.2018 06:00;153;82;71
17.10.2018 07:00;1205;814;391
17.10.2018 08:00;984;619;365
17.10.2018 09:00;975;651;324
17.10.2018 10:00;498;279;219
17.10.2018 11:00;684;262;422
17.10.2018 12:00;711;325;386
17.10.2018 13:00;1036;447;589
17.10.2018 14:00;698;321;377
17.10.2018 15:00;1004;458;546
17.10.2018 16:00;924;447;477
17.10.2018 17:00;1193;527;666
17.10.2018 18:00;932;435;497
17.10.2018 19:00;753;343;410
17.10.2018 20:00;523;244;279
17.10.2018 21:00;318;122;196
17.10.2018 22:00;266;96;170
17.10.2018 23:00;152;51;101
18.10.2018 00:00;78;19;59
18.10.2018 01:00;40;10;30
18.10.2018 02:00;10;3;7
18.10.2018 03:00;12;8;4
18.10.2018 04:00;9;9;0
18.10.2018 05:00;42;24;18
18.10.2018 06:00;132;82;50
18.10.2018 07:00;1015;661;354
18.10.2018 08:00;786;468;318
18.10.2018 09:00;732;493;239
18.10.2018 10:00;415;232;183
18.10.2018 11:00;628;296;332
18.10.2018 12:00;658;251;407
18.10.2018 13:00;939;409;530
18.10.2018 14:00;640;300;340
18.10.2018 15:00;929;442;487
18.10.2018 16:00;885;434;451
18.10.2018 17:00;1062;480;582
18.10.2018 18:00;900;413;487
18.10.2018 19:00;651;328;323
18.10.2018 20:00;425;174;251
18.10.2018 21:00;297;98;199
18.10.2018 22:00;253;106;147
18.10.2018 23:00;180;70;110
19.10.2018 00:00;111;42;69
19.10.2018 01:00;65;14;51
19.10.2018 02:00;33;12;21
19.10.2018 03:00;26;19;7
19.10.2018 04:00;24;19;5
19.10.2018 05:00;44;30;14
19.10.2018 06:00;154;90;64
19.10.2018 07:00;955;613;342
19.10.2018 08:00;683;390;293
19.10.2018 09:00;648;409;239
19.10.2018 10:00;457;242;215
19.10.2018 11:00;574;260;314
19.10.2018 12:00;759;336;423
19.10.2018 13:00;941;391;550
19.10.2018 14:00;719;348;371
19.10.2018 15:00;731;319;412
19.10.2018 16:00;750;342;408
19.10.2018 17:00;787;353;434
19.10.2018 18:00;666;265;401
19.10.2018 19:00;547;270;277
19.10.2018 20:00;363;184;179
19.10.2018 21:00;248;134;114
19.10.2018 22:00;200;90;110
19.10.2018 23:00;192;72;120
20.10.2018 00:00;154;51;103
20.10.2018 01:00;100;33;67
20.10.2018 02:00;65;20;45
20.10.2018 03:00;42;15;27
20.10.2018 04:00;21;11;10
20.10.2018 05:00;26;20;6
20.10.2018 06:00;39;26;13
20.10.2018 07:00;72;32;40
20.10.2018 08:00;184;114;70
20.10.2018 09:00;308;199;109
20.10.2018 10:00;389;223;166
20.10.2018 11:00;455;230;225
20.10.2018 12:00;496;276;220
20.10.2018 13:00;532;283;249
20.10.2018 14:00;584;284;300
20.10.2018 15:00;604;316;288
20.10.2018 16:00;558;252;306
20.10.2018 17:00;560;234;326
20.10.2018 18:00;543;202;341
20.10.2018 19:00;353;164;189
20.10.2018 20:00;261;132;129
20.10.2018 21:00;256;87;169
20.10.2018 22:00;202;90;112
20.10.2018 23:00;204;81;123
21.10.2018 00:00;162;66;96
21.10.2018 01:00;104;51;53
21.10.2018 02:00;84;34;50
21.10.2018 03:00;97;21;76
21.10.2018 04:00;25;14;11
21.10.2018 05:00;30;13;17
21.10.2018 06:00;28;20;8
21.10.2018 07:00;39;27;12
21.10.2018 08:00;61;31;30
21.10.2018 09:00;148;94;54
21.10.2018 10:00;337;255;82
21.10.2018 11:00;615;494;121
21.10.2018 12:00;584;329;255
21.10.2018 13:00;609;203;406
21.10.2018 14:00;702;320;382
21.10.2018 15:00;685;358;327
21.10.2018 16:00;661;310;351
21.10.2018 17:00;709;239;470
21.10.2018 18:00;492;167;325
21.10.2018 19:00;303;137;166
21.10.2018 20:00;199;70;129
21.10.2018 21:00;143;61;82
21.10.2018 22:00;116;41;75
21.10.2018 23:00;74;32;42
22.10.2018 00:00;26;11;15
22.10.2018 01:00;10;5;5
22.10.2018 02:00;11;4;7
22.10.2018 03:00;3;1;2
22.10.2018 04:00;9;7;2
22.10.2018 05:00;37;27;10
22.10.2018 06:00;147;85;62
22.10.2018 07:00;1071;711;360
22.10.2018 08:00;686;377;309
22.10.2018 09:00;697;430;267
22.10.2018 10:00;416;237;179
22.10.2018 11:00;650;315;335
22.10.2018 12:00;638;295;343
22.10.2018 13:00;927;397;530
22.10.2018 14:00;629;326;303
22.10.2018 15:00;1025;466;559
22.10.2018 16:00;867;405;462
22.10.2018 17:00;1110;514;596
22.10.2018 18:00;891;400;491
22.10.2018 19:00;652;293;359
22.10.2018 20:00;402;186;216
22.10.2018 21:00;322;125;197
22.10.2018 22:00;212;87;125
22.10.2018 23:00;130;38;92
23.10.2018 00:00;62;24;38
23.10.2018 01:00;37;10;27
23.10.2018 02:00;10;3;7
23.10.2018 03:00;7;4;3
23.10.2018 04:00;11;4;7
23.10.2018 05:00;41;23;18
23.10.2018 06:00;146;87;59
23.10.2018 07:00;1033;693;340
23.10.2018 08:00;778;462;316
23.10.2018 09:00;815;492;323
23.10.2018 10:00;413;233;180
23.10.2018 11:00;613;265;348
23.10.2018 12:00;563;228;335
23.10.2018 13:00;877;366;511
23.10.2018 14:00;608;286;322
23.10.2018 15:00;973;415;558
23.10.2018 16:00;823;364;459
23.10.2018 17:00;1048;502;546
23.10.2018 18:00;851;371;480
23.10.2018 19:00;676;296;380
23.10.2018 20:00;388;156;232
23.10.2018 21:00;264;112;152
23.10.2018 22:00;259;81;178
23.10.2018 23:00;131;52;79
24.10.2018 00:00;74;29;45
24.10.2018 01:00;58;34;24
24.10.2018 02:00;25;19;6
24.10.2018 03:00;12;8;4
24.10.2018 04:00;4;3;1
24.10.2018 05:00;32;23;9
24.10.2018 06:00;147;82;65
24.10.2018 07:00;1073;714;359
24.10.2018 08:00;736;432;304
24.10.2018 09:00;717;428;289
24.10.2018 10:00;341;188;153
24.10.2018 11:00;531;207;324
24.10.2018 12:00;527;253;274
24.10.2018 13:00;836;372;464
24.10.2018 14:00;526;252;274
24.10.2018 15:00;861;406;455
24.10.2018 16:00;730;360;370
24.10.2018 17:00;1001;420;581
24.10.2018 18:00;824;386;438
24.10.2018 19:00;684;287;397
24.10.2018 20:00;424;180;244
24.10.2018 21:00;330;131;199
24.10.2018 22:00;242;102;140
24.10.2018 23:00;186;77;109
25.10.2018 00:00;86;30;56
25.10.2018 01:00;31;16;15
25.10.2018 02:00;14;6;8
25.10.2018 03:00;15;11;4
25.10.2018 04:00;19;14;5
25.10.2018 05:00;41;31;10
25.10.2018 06:00;138;78;60
25.10.2018 07:00;1042;651;391
25.10.2018 08:00;698;426;272
25.10.2018 09:00;677;434;243
25.10.2018 10:00;387;214;173
25.10.2018 11:00;626;279;347
25.10.2018 12:00;567;237;330
25.10.2018 13:00;904;385;519
25.10.2018 14:00;628;333;295
25.10.2018 15:00;1040;482;558
25.10.2018 16:00;905;413;492
25.10.2018 17:00;1041;406;635
25.10.2018 18:00;890;432;458
25.10.2018 19:00;690;361;329
25.10.2018 20:00;398;181;217
25.10.2018 21:00;280;122;158
25.10.2018 22:00;272;104;168
25.10.2018 23:00;163;66;97
26.10.2018 00:00;80;31;49
26.10.2018 01:00;46;12;34
26.10.2018 02:00;22;6;16
26.10.2018 03:00;21;10;11
26.10.2018 04:00;12;10;2
26.10.2018 05:00;30;19;11
26.10.2018 06:00;143;91;52
26.10.2018 07:00;892;570;322
26.10.2018 08:00;649;378;271
26.10.2018 09:00;649;400;249
26.10.2018 10:00;386;211;175
26.10.2018 11:00;572;258;314
26.10.2018 12:00;716;321;395
26.10.2018 13:00;865;356;509
26.10.2018 14:00;636;298;338
26.10.2018 15:00;699;340;359
26.10.2018 16:00;742;389;353
26.10.2018 17:00;803;345;458
26.10.2018 18:00;692;335;357
26.10.2018 19:00;503;242;261
26.10.2018 20:00;332;158;174
26.10.2018 21:00;278;117;161
26.10.2018 22:00;209;94;115
26.10.2018 23:00;184;64;120
27.10.2018 00:00;137;51;86
27.10.2018 01:00;108;34;74
27.10.2018 02:00;67;26;41
27.10.2018 03:00;44;14;30
27.10.2018 04:00;19;14;5
27.10.2018 05:00;23;13;10
27.10.2018 06:00;22;14;8
27.10.2018 07:00;28;13;15
27.10.2018 08:00;84;42;42
27.10.2018 09:00;145;91;54
27.10.2018 10:00;144;74;70
27.10.2018 11:00;137;76;61
27.10.2018 12:00;198;90;108
27.10.2018 13:00;166;95;71
27.10.2018 14:00;184;87;97
27.10.2018 15:00;171;90;81
27.10.2018 16:00;186;90;96
27.10.2018 17:00;190;96;94
27.10.2018 18:00;246;102;144
27.10.2018 19:00;191;104;87
27.10.2018 20:00;158;74;84
27.10.2018 21:00;160;50;110
27.10.2018 22:00;101;50;51
27.10.2018 23:00;96;30;66
28.10.2018 00:00;110;43;67
28.10.2018 01:00;75;42;33
28.10.2018 02:00;110;65;45
28.10.2018 03:00;28;14;14
28.10.2018 04:00;19;9;10
28.10.2018 05:00;13;11;2
28.10.2018 06:00;17;10;7
28.10.2018 07:00;21;13;8
28.10.2018 08:00;44;16;28
28.10.2018 09:00;105;67;38
28.10.2018 10:00;129;62;67
28.10.2018 11:00;154;77;77
28.10.2018 12:00;160;78;82
28.10.2018 13:00;149;67;82
28.10.2018 14:00;162;82;80
28.10.2018 15:00;158;86;72
28.10.2018 16:00;170;90;80
28.10.2018 17:00;148;73;75
28.10.2018 18:00;130;65;65
28.10.2018 19:00;143;74;69
28.10.2018 20:00;109;47;62
28.10.2018 21:00;77;27;50
28.10.2018 22:00;70;33;37
28.10.2018 23:00;49;21;28
29.10.2018 00:00;16;9;7
29.10.2018 01:00;16;8;8
29.10.2018 02:00;7;3;4
29.10.2018 03:00;3;3;0
29.10.2018 04:00;0;0;0
29.10.2018 05:00;34;18;16
29.10.2018 06:00;134;91;43
29.10.2018 07:00;460;305;155
29.10.2018 08:00;543;296;247
29.10.2018 09:00;554;385;169
29.10.2018 10:00;367;216;151
29.10.2018 11:00;461;227;234
29.10.2018 12:00;442;209;233
29.10.2018 13:00;491;225;266
29.10.2018 14:00;413;206;207
29.10.2018 15:00;515;225;290
29.10.2018 16:00;567;250;317
29.10.2018 17:00;691;290;401
29.10.2018 18:00;518;247;271
29.10.2018 19:00;354;142;212
29.10.2018 20:00;233;106;127
29.10.2018 21:00;168;60;108
29.10.2018 22:00;114;53;61
29.10.2018 23:00;82;33;49
30.10.2018 00:00;39;21;18
30.10.2018 01:00;17;9;8
30.10.2018 02:00;4;3;1
30.10.2018 03:00;1;1;0
30.10.2018 04:00;3;2;1
30.10.2018 05:00;32;18;14
30.10.2018 06:00;115;78;37
30.10.2018 07:00;472;306;166
30.10.2018 08:00;550;314;236
30.10.2018 09:00;564;370;194
30.10.2018 10:00;339;176;163
30.10.2018 11:00;463;240;223
30.10.2018 12:00;388;167;221
30.10.2018 13:00;350;161;189
30.10.2018 14:00;325;170;155
30.10.2018 15:00;470;226;244
30.10.2018 16:00;524;268;256
30.10.2018 17:00;614;273;341
30.10.2018 18:00;495;208;287
30.10.2018 19:00;465;196;269
30.10.2018 20:00;230;116;114
30.10.2018 21:00;197;84;113
30.10.2018 22:00;199;76;123
30.10.2018 23:00;117;52;65
31.10.2018 00:00;67;20;47
31.10.2018 01:00;23;10;13
31.10.2018 02:00;8;4;4
31.10.2018 03:00;10;8;2
31.10.2018 04:00;7;2;5
31.10.2018 05:00;26;17;9
31.10.2018 06:00;130;81;49
31.10.2018 07:00;556;389;167
31.10.2018 08:00;481;282;199
31.10.2018 09:00;560;338;222
31.10.2018 10:00;355;188;167
31.10.2018 11:00;497;218;279
31.10.2018 12:00;489;220;269
31.10.2018 13:00;536;288;248
31.10.2018 14:00;436;190;246
31.10.2018 15:00;604;297;307
31.10.2018 16:00;594;264;330
31.10.2018 17:00;768;347;421
31.10.2018 18:00;553;254;299
31.10.2018 19:00;444;211;233
31.10.2018 20:00;374;158;216
31.10.2018 21:00;269;140;129
31.10.2018 22:00;231;111;120
31.10.2018 23:00;185;93;92
01.11.2018 00:00;158;72;86
01.11.2018 01:00;134;41;93
01.11.2018 02:00;106;51;55
01.11.2018 03:00;81;31;50
01.11.2018 04:00;32;20;12
01.11.2018 05:00;28;18;10
01.11.2018 06:00;39;28;11
01.11.2018 07:00;40;32;8
01.11.2018 08:00;72;44;28
01.11.2018 09:00;107;59;48
01.11.2018 10:00;140;75;65
01.11.2018 11:00;188;102;86
01.11.2018 12:00;196;107;89
01.11.2018 13:00;263;160;103
01.11.2018 14:00;340;187;153
01.11.2018 15:00;392;191;201
01.11.2018 16:00;373;203;170
01.11.2018 17:00;345;151;194
01.11.2018 18:00;261;100;161
01.11.2018 19:00;269;102;167
01.11.2018 20:00;153;59;94
01.11.2018 21:00;112;61;51
01.11.2018 22:00;134;41;93
01.11.2018 23:00;131;86;45
02.11.2018 00:00;42;24;18
02.11.2018 01:00;31;8;23
02.11.2018 02:00;10;5;5
02.11.2018 03:00;2;1;1
02.11.2018 04:00;6;4;2
02.11.2018 05:00;26;18;8
02.11.2018 06:00;94;63;31
02.11.2018 07:00;259;155;104
02.11.2018 08:00;405;228;177
02.11.2018 09:00;418;255;163
02.11.2018 10:00;394;248;146
02.11.2018 11:00;436;223;213
02.11.2018 12:00;460;208;252
02.11.2018 13:00;513;230;283
02.11.2018 14:00;472;239;233
02.11.2018 15:00;452;221;231
02.11.2018 16:00;499;238;261
02.11.2018 17:00;530;233;297
02.11.2018 18:00;445;206;239
02.11.2018 19:00;333;152;181
02.11.2018 20:00;231;88;143
02.11.2018 21:00;168;75;93
02.11.2018 22:00;174;70;104
02.11.2018 23:00;156;57;99
03.11.2018 00:00;106;43;63
03.11.2018 01:00;77;33;44
03.11.2018 02:00;57;20;37
03.11.2018 03:00;22;10;12
03.11.2018 04:00;19;13;6
03.11.2018 05:00;24;15;9
03.11.2018 06:00;42;27;15
03.11.2018 07:00;48;26;22
03.11.2018 08:00;136;95;41
03.11.2018 09:00;247;165;82
03.11.2018 10:00;285;158;127
03.11.2018 11:00;409;244;165
03.11.2018 12:00;455;219;236
03.11.2018 13:00;391;188;203
03.11.2018 14:00;473;244;229
03.11.2018 15:00;423;207;216
03.11.2018 16:00;408;164;244
03.11.2018 17:00;350;156;194
03.11.2018 18:00;321;152;169
03.11.2018 19:00;236;135;101
03.11.2018 20:00;212;93;119
03.11.2018 21:00;153;81;72
03.11.2018 22:00;127;46;81
03.11.2018 23:00;147;53;94
04.11.2018 00:00;139;58;81
04.11.2018 01:00;95;37;58
04.11.2018 02:00;67;16;51
04.11.2018 03:00;48;18;30
04.11.2018 04:00;13;8;5
04.11.2018 05:00;19;9;10
04.11.2018 06:00;19;10;9
04.11.2018 07:00;28;15;13
04.11.2018 08:00;50;20;30
04.11.2018 09:00;151;77;74
04.11.2018 10:00;133;61;72
04.11.2018 11:00;196;93;103
04.11.2018 12:00;186;100;86
04.11.2018 13:00;218;108;110
04.11.2018 14:00;265;146;119
04.11.2018 15:00;238;112;126
04.11.2018 16:00;283;133;150
04.11.2018 17:00;302;136;166
04.11.2018 18:00;258;128;130
04.11.2018 19:00;173;103;70
04.11.2018 20:00;173;81;92
04.11.2018 21:00;101;40;61
04.11.2018 22:00;90;44;46
04.11.2018 23:00;64;27;37
05.11.2018 00:00;25;8;17
05.11.2018 01:00;9;3;6
05.11.2018 02:00;8;6;2
05.11.2018 03:00;0;0;0
05.11.2018 04:00;6;5;1
05.11.2018 05:00;38;24;14
05.11.2018 06:00;147;90;57
05.11.2018 07:00;993;628;365
05.11.2018 08:00;623;349;274
05.11.2018 09:00;656;420;236
05.11.2018 10:00;347;200;147
05.11.2018 11:00;504;229;275
05.11.2018 12:00;528;222;306
05.11.2018 13:00;850;335;515
05.11.2018 14:00;532;267;265
05.11.2018 15:00;935;424;511
05.11.2018 16:00;775;367;408
05.11.2018 17:00;923;410;513
05.11.2018 18:00;765;367;398
05.11.2018 19:00;626;273;353
05.11.2018 20:00;396;194;202
05.11.2018 21:00;222;93;129
05.11.2018 22:00;184;70;114
05.11.2018 23:00;109;41;68
06.11.2018 00:00;63;34;29
06.11.2018 01:00;28;10;18
06.11.2018 02:00;9;7;2
06.11.2018 03:00;5;0;5
06.11.2018 04:00;9;6;3
06.11.2018 05:00;41;27;14
06.11.2018 06:00;158;101;57
06.11.2018 07:00;1052;696;356
06.11.2018 08:00;710;391;319
06.11.2018 09:00;666;395;271
06.11.2018 10:00;354;187;167
06.11.2018 11:00;570;254;316
06.11.2018 12:00;531;224;307
06.11.2018 13:00;777;325;452
06.11.2018 14:00;465;190;275
06.11.2018 15:00;894;392;502
06.11.2018 16:00;697;316;381
06.11.2018 17:00;932;421;511
06.11.2018 18:00;675;311;364
06.11.2018 19:00;620;276;344
06.11.2018 20:00;415;210;205
06.11.2018 21:00;248;103;145
06.11.2018 22:00;224;76;148
06.11.2018 23:00;155;62;93
07.11.2018 00:00;45;13;32
07.11.2018 01:00;34;13;21
07.11.2018 02:00;12;3;9
07.11.2018 03:00;3;2;1
07.11.2018 04:00;4;4;0
07.11.2018 05:00;34;21;13
07.11.2018 06:00;153;91;62
07.11.2018 07:00;1022;652;370
07.11.2018 08:00;730;421;309
07.11.2018 09:00;728;441;287
07.11.2018 10:00;352;199;153
07.11.2018 11:00;601;259;342
07.11.2018 12:00;642;304;338
07.11.2018 13:00;999;461;538
07.11.2018 14:00;621;305;316
07.11.2018 15:00;817;373;444
07.11.2018 16:00;827;388;439
07.11.2018 17:00;967;399;568
07.11.2018 18:00;747;341;406
07.11.2018 19:00;625;281;344
07.11.2018 20:00;495;251;244
07.11.2018 21:00;261;139;122
07.11.2018 22:00;235;78;157
07.11.2018 23:00;196;85;111
08.11.2018 00:00;78;16;62
08.11.2018 01:00;49;10;39
08.11.2018 02:00;25;11;14
08.11.2018 03:00;2;1;1
08.11.2018 04:00;5;3;2
08.11.2018 05:00;33;22;11
08.11.2018 06:00;128;72;56
08.11.2018 07:00;969;595;374
08.11.2018 08:00;712;391;321
08.11.2018 09:00;722;445;277
08.11.2018 10:00;387;211;176
08.11.2018 11:00;598;295;303
08.11.2018 12:00;569;244;325
08.11.2018 13:00;899;393;506
08.11.2018 14:00;549;242;307
08.11.2018 15:00;929;443;486
08.11.2018 16:00;803;344;459
08.11.2018 17:00;948;439;509
08.11.2018 18:00;740;349;391
08.11.2018 19:00;534;254;280
08.11.2018 20:00;368;170;198
08.11.2018 21:00;279;130;149
08.11.2018 22:00;231;94;137
08.11.2018 23:00;158;64;94
09.11.2018 00:00;104;36;68
09.11.2018 01:00;58;28;30
09.11.2018 02:00;28;16;12
09.11.2018 03:00;15;10;5
09.11.2018 04:00;10;7;3
09.11.2018 05:00;42;26;16
09.11.2018 06:00;150;92;58
09.11.2018 07:00;904;587;317
09.11.2018 08:00;696;415;281
09.11.2018 09:00;610;355;255
09.11.2018 10:00;432;222;210
09.11.2018 11:00;599;292;307
09.11.2018 12:00;671;295;376
09.11.2018 13:00;971;358;613
09.11.2018 14:00;631;298;333
09.11.2018 15:00;723;339;384
09.11.2018 16:00;676;315;361
09.11.2018 17:00;776;349;427
09.11.2018 18:00;592;259;333
09.11.2018 19:00;501;274;227
09.11.2018 20:00;370;209;161
09.11.2018 21:00;215;112;103
09.11.2018 22:00;227;87;140
09.11.2018 23:00;189;58;131
10.11.2018 00:00;167;55;112
10.11.2018 01:00;105;22;83
10.11.2018 02:00;51;18;33
10.11.2018 03:00;45;16;29
10.11.2018 04:00;24;13;11
10.11.2018 05:00;29;20;9
10.11.2018 06:00;37;25;12
10.11.2018 07:00;83;48;35
10.11.2018 08:00;191;119;72
10.11.2018 09:00;312;204;108
10.11.2018 10:00;415;242;173
10.11.2018 11:00;459;245;214
10.11.2018 12:00;466;236;230
10.11.2018 13:00;514;270;244
10.11.2018 14:00;511;249;262
10.11.2018 15:00;539;261;278
10.11.2018 16:00;541;231;310
10.11.2018 17:00;525;229;296
10.11.2018 18:00;388;154;234
10.11.2018 19:00;282;126;156
10.11.2018 20:00;300;141;159
10.11.2018 21:00;267;141;126
10.11.2018 22:00;168;62;106
10.11.2018 23:00;158;66;92
11.11.2018 00:00;169;67;102
11.11.2018 01:00;134;48;86
11.11.2018 02:00;79;30;49
11.11.2018 03:00;65;21;44
11.11.2018 04:00;30;10;20
11.11.2018 05:00;27;17;10
11.11.2018 06:00;19;13;6
11.11.2018 07:00;28;18;10
11.11.2018 08:00;48;18;30
11.11.2018 09:00;110;67;43
11.11.2018 10:00;107;56;51
11.11.2018 11:00;179;102;77
11.11.2018 12:00;237;110;127
11.11.2018 13:00;305;138;167
11.11.2018 14:00;377;190;187
11.11.2018 15:00;360;205;155
11.11.2018 16:00;426;223;203
11.11.2018 17:00;294;133;161
11.11.2018 18:00;237;116;121
11.11.2018 19:00;185;90;95
11.11.2018 20:00;167;83;84
11.11.2018 21:00;110;51;59
11.11.2018 22:00;101;44;57
11.11.2018 23:00;76;35;41
12.11.2018 00:00;32;16;16
12.11.2018 01:00;10;2;8
12.11.2018 02:00;5;4;1
12.11.2018 03:00;2;2;0
12.11.2018 04:00;8;4;4
12.11.2018 05:00;36;25;11
12.11.2018 06:00;140;80;60
12.11.2018 07:00;967;639;328
12.11.2018 08:00;707;392;315
12.11.2018 09:00;673;445;228
12.11.2018 10:00;310;178;132
12.11.2018 11:00;530;244;286
12.11.2018 12:00;582;250;332
12.11.2018 13:00;838;354;484
12.11.2018 14:00;565;295;270
12.11.2018 15:00;916;423;493
12.11.2018 16:00;830;355;475
12.11.2018 17:00;923;426;497
12.11.2018 18:00;748;354;394
12.11.2018 19:00;614;274;340
12.11.2018 20:00;407;209;198
12.11.2018 21:00;266;107;159
12.11.2018 22:00;197;60;137
12.11.2018 23:00;106;44;62
13.11.2018 00:00;58;23;35
13.11.2018 01:00;30;15;15
13.11.2018 02:00;6;4;2
13.11.2018 03:00;9;4;5
13.11.2018 04:00;8;4;4
13.11.2018 05:00;31;22;9
13.11.2018 06:00;165;99;66
13.11.2018 07:00;1045;703;342
13.11.2018 08:00;781;444;337
13.11.2018 09:00;690;392;298
13.11.2018 10:00;352;197;155
13.11.2018 11:00;558;274;284
13.11.2018 12:00;478;197;281
13.11.2018 13:00;792;318;474
13.11.2018 14:00;384;188;196
13.11.2018 15:00;808;338;470
13.11.2018 16:00;706;341;365
13.11.2018 17:00;825;336;489
13.11.2018 18:00;693;297;396
13.11.2018 19:00;697;324;373
13.11.2018 20:00;286;142;144
13.11.2018 21:00;230;110;120
13.11.2018 22:00;225;77;148
13.11.2018 23:00;125;55;70
14.11.2018 00:00;46;18;28
14.11.2018 01:00;24;13;11
14.11.2018 02:00;19;5;14
14.11.2018 03:00;2;1;1
14.11.2018 04:00;5;5;0
14.11.2018 05:00;47;29;18
14.11.2018 06:00;129;77;52
14.11.2018 07:00;1037;677;360
14.11.2018 08:00;724;417;307
14.11.2018 09:00;666;409;257
14.11.2018 10:00;360;179;181
14.11.2018 11:00;569;260;309
14.11.2018 12:00;577;265;312
14.11.2018 13:00;875;421;454
14.11.2018 14:00;526;262;264
14.11.2018 15:00;798;365;433
14.11.2018 16:00;755;359;396
14.11.2018 17:00;959;369;590
14.11.2018 18:00;711;348;363
14.11.2018 19:00;556;242;314
14.11.2018 20:00;431;225;206
14.11.2018 21:00;302;116;186
14.11.2018 22:00;247;63;184
14.11.2018 23:00;161;44;117
15.11.2018 00:00;84;21;63
15.11.2018 01:00;30;3;27
15.11.2018 02:00;12;5;7
15.11.2018 03:00;17;10;7
15.11.2018 04:00;8;7;1
15.11.2018 05:00;30;18;12
15.11.2018 06:00;129;73;56
15.11.2018 07:00;971;612;359
15.11.2018 08:00;696;393;303
15.11.2018 09:00;655;423;232
15.11.2018 10:00;287;156;131
15.11.2018 11:00;567;252;315
15.11.2018 12:00;516;226;290
15.11.2018 13:00;853;385;468
15.11.2018 14:00;483;230;253
15.11.2018 15:00;850;361;489
15.11.2018 16:00;732;334;398
15.11.2018 17:00;882;346;536
15.11.2018 18:00;759;361;398
15.11.2018 19:00;567;279;288
15.11.2018 20:00;389;177;212
15.11.2018 21:00;293;135;158
15.11.2018 22:00;285;121;164
15.11.2018 23:00;193;75;118
16.11.2018 00:00;95;35;60
16.11.2018 01:00;56;14;42
16.11.2018 02:00;74;10;64
16.11.2018 03:00;31;18;13
16.11.2018 04:00;12;6;6
16.11.2018 05:00;35;17;18
16.11.2018 06:00;145;81;64
16.11.2018 07:00;833;559;274
16.11.2018 08:00;611;331;280
16.11.2018 09:00;576;373;203
16.11.2018 10:00;384;225;159
16.11.2018 11:00;535;270;265
16.11.2018 12:00;595;271;324
16.11.2018 13:00;832;346;486
16.11.2018 14:00;577;282;295
16.11.2018 15:00;619;279;340
16.11.2018 16:00;633;281;352
16.11.2018 17:00;653;281;372
16.11.2018 18:00;557;246;311
16.11.2018 19:00;441;223;218
16.11.2018 20:00;318;156;162
16.11.2018 21:00;230;125;105
16.11.2018 22:00;232;111;121
16.11.2018 23:00;156;49;107
17.11.2018 00:00;142;46;96
17.11.2018 01:00;94;24;70
17.11.2018 02:00;52;26;26
17.11.2018 03:00;50;27;23
17.11.2018 04:00;17;6;11
17.11.2018 05:00;21;12;9
17.11.2018 06:00;28;14;14
17.11.2018 07:00;54;32;22
17.11.2018 08:00;152;102;50
17.11.2018 09:00;251;170;81
17.11.2018 10:00;355;210;145
17.11.2018 11:00;358;206;152
17.11.2018 12:00;418;210;208
17.11.2018 13:00;403;195;208
17.11.2018 14:00;456;219;237
17.11.2018 15:00;441;201;240
17.11.2018 16:00;465;236;229
17.11.2018 17:00;431;200;231
17.11.2018 18:00;382;157;225
17.11.2018 19:00;327;176;151
17.11.2018 20:00;221;135;86
17.11.2018 21:00;168;55;113
17.11.2018 22:00;247;114;133
17.11.2018 23:00;130;44;86
18.11.2018 00:00;133;43;90
18.11.2018 01:00;127;59;68
18.11.2018 02:00;42;17;25
18.11.2018 03:00;47;20;27
18.11.2018 04:00;17;8;9
18.11.2018 05:00;16;10;6
18.11.2018 06:00;22;9;13
18.11.2018 07:00;28;14;14
18.11.2018 08:00;53;26;27
18.11.2018 09:00;141;81;60
18.11.2018 10:00;155;105;50
18.11.2018 11:00;194;95;99
18.11.2018 12:00;164;91;73
18.11.2018 13:00;221;111;110
18.11.2018 14:00;286;139;147
18.11.2018 15:00;309;163;146
18.11.2018 16:00;351;168;183
18.11.2018 17:00;296;148;148
18.11.2018 18:00;228;102;126
18.11.2018 19:00;185;100;85
18.11.2018 20:00;149;73;76
18.11.2018 21:00;107;45;62
18.11.2018 22:00;100;29;71
18.11.2018 23:00;55;12;43
19.11.2018 00:00;30;8;22
19.11.2018 01:00;14;7;7
19.11.2018 02:00;7;3;4
19.11.2018 03:00;1;1;0
19.11.2018 04:00;8;6;2
19.11.2018 05:00;31;16;15
19.11.2018 06:00;150;100;50
19.11.2018 07:00;830;541;289
19.11.2018 08:00;625;358;267
19.11.2018 09:00;678;445;233
19.11.2018 10:00;319;181;138
19.11.2018 11:00;403;175;228
19.11.2018 12:00;503;229;274
19.11.2018 13:00;697;295;402
19.11.2018 14:00;422;199;223
19.11.2018 15:00;743;351;392
19.11.2018 16:00;610;274;336
19.11.2018 17:00;765;351;414
19.11.2018 18:00;562;274;288
19.11.2018 19:00;534;230;304
19.11.2018 20:00;337;130;207
19.11.2018 21:00;215;93;122
19.11.2018 22:00;184;77;107
19.11.2018 23:00;103;47;56
20.11.2018 00:00;42;20;22
20.11.2018 01:00;8;4;4
20.11.2018 02:00;11;5;6
20.11.2018 03:00;1;1;0
20.11.2018 04:00;7;6;1
20.11.2018 05:00;34;20;14
20.11.2018 06:00;143;90;53
20.11.2018 07:00;953;646;307
20.11.2018 08:00;637;379;258
20.11.2018 09:00;672;424;248
20.11.2018 10:00;337;170;167
20.11.2018 11:00;501;254;247
20.11.2018 12:00;476;190;286
20.11.2018 13:00;713;280;433
20.11.2018 14:00;443;202;241
20.11.2018 15:00;732;346;386
20.11.2018 16:00;641;292;349
20.11.2018 17:00;864;408;456
20.11.2018 18:00;661;290;371
20.11.2018 19:00;570;240;330
20.11.2018 20:00;355;186;169
20.11.2018 21:00;246;90;156
20.11.2018 22:00;194;54;140
20.11.2018 23:00;122;43;79
21.11.2018 00:00;70;31;39
21.11.2018 01:00;30;11;19
21.11.2018 02:00;10;6;4
21.11.2018 03:00;2;0;2
21.11.2018 04:00;15;12;3
21.11.2018 05:00;43;24;19
21.11.2018 06:00;136;87;49
21.11.2018 07:00;973;640;333
21.11.2018 08:00;646;377;269
21.11.2018 09:00;590;367;223
21.11.2018 10:00;308;174;134
21.11.2018 11:00;518;225;293
21.11.2018 12:00;471;213;258
21.11.2018 13:00;764;342;422
21.11.2018 14:00;449;201;248
21.11.2018 15:00;698;318;380
21.11.2018 16:00;619;302;317
21.11.2018 17:00;859;363;496
21.11.2018 18:00;621;265;356
21.11.2018 19:00;546;233;313
21.11.2018 20:00;370;190;180
21.11.2018 21:00;283;122;161
21.11.2018 22:00;211;76;135
21.11.2018 23:00;139;41;98
22.11.2018 00:00;92;32;60
22.11.2018 01:00;39;7;32
22.11.2018 02:00;12;6;6
22.11.2018 03:00;5;4;1
22.11.2018 04:00;5;4;1
22.11.2018 05:00;38;27;11
22.11.2018 06:00;135;79;56
22.11.2018 07:00;873;550;323
22.11.2018 08:00;607;352;255
22.11.2018 09:00;658;422;236
22.11.2018 10:00;344;190;154
22.11.2018 11:00;468;203;265
22.11.2018 12:00;484;195;289
22.11.2018 13:00;807;355;452
22.11.2018 14:00;466;232;234
22.11.2018 15:00;832;354;478
22.11.2018 16:00;731;333;398
22.11.2018 17:00;852;330;522
22.11.2018 18:00;661;310;351
22.11.2018 19:00;519;247;272
22.11.2018 20:00;319;144;175
22.11.2018 21:00;234;95;139
22.11.2018 22:00;216;80;136
22.11.2018 23:00;135;49;86
23.11.2018 00:00;91;23;68
23.11.2018 01:00;53;15;38
23.11.2018 02:00;24;14;10
23.11.2018 03:00;6;3;3
23.11.2018 04:00;13;9;4
23.11.2018 05:00;29;13;16
23.11.2018 06:00;129;75;54
23.11.2018 07:00;775;506;269
23.11.2018 08:00;588;322;266
23.11.2018 09:00;549;346;203
23.11.2018 10:00;359;200;159
23.11.2018 11:00;479;237;242
23.11.2018 12:00;580;272;308
23.11.2018 13:00;750;297;453
23.11.2018 14:00;526;253;273
23.11.2018 15:00;586;287;299
23.11.2018 16:00;588;269;319
23.11.2018 17:00;623;288;335
23.11.2018 18:00;527;244;283
23.11.2018 19:00;408;194;214
23.11.2018 20:00;301;128;173
23.11.2018 21:00;199;95;104
23.11.2018 22:00;184;68;116
23.11.2018 23:00;163;58;105
24.11.2018 00:00;110;54;56
24.11.2018 01:00;89;30;59
24.11.2018 02:00;58;23;35
24.11.2018 03:00;31;12;19
24.11.2018 04:00;15;10;5
24.11.2018 05:00;21;9;12
24.11.2018 06:00;39;27;12
24.11.2018 07:00;48;29;19
24.11.2018 08:00;137;90;47
24.11.2018 09:00;241;156;85
24.11.2018 10:00;312;172;140
24.11.2018 11:00;378;228;150
24.11.2018 12:00;407;209;198
24.11.2018 13:00;478;256;222
24.11.2018 14:00;436;228;208
24.11.2018 15:00;430;185;245
24.11.2018 16:00;439;196;243
24.11.2018 17:00;389;174;215
24.11.2018 18:00;351;150;201
24.11.2018 19:00;305;178;127
24.11.2018 20:00;278;128;150
24.11.2018 21:00;169;82;87
24.11.2018 22:00;183;71;112
24.11.2018 23:00;144;56;88
25.11.2018 00:00;151;65;86
25.11.2018 01:00;152;64;88
25.11.2018 02:00;65;27;38
25.11.2018 03:00;58;15;43
25.11.2018 04:00;29;13;16
25.11.2018 05:00;16;9;7
25.11.2018 06:00;18;12;6
25.11.2018 07:00;34;16;18
25.11.2018 08:00;50;27;23
25.11.2018 09:00;136;93;43
25.11.2018 10:00;117;61;56
25.11.2018 11:00;184;84;100
25.11.2018 12:00;160;68;92
25.11.2018 13:00;260;129;131
25.11.2018 14:00;261;130;131
25.11.2018 15:00;246;116;130
25.11.2018 16:00;325;180;145
25.11.2018 17:00;252;122;130
25.11.2018 18:00;231;104;127
25.11.2018 19:00;216;87;129
25.11.2018 20:00;139;60;79
25.11.2018 21:00;109;58;51
25.11.2018 22:00;106;40;66
25.11.2018 23:00;64;23;41
26.11.2018 00:00;33;14;19
26.11.2018 01:00;17;5;12
26.11.2018 02:00;7;2;5
26.11.2018 03:00;1;1;0
26.11.2018 04:00;12;11;1
26.11.2018 05:00;36;21;15
26.11.2018 06:00;133;83;50
26.11.2018 07:00;857;537;320
26.11.2018 08:00;601;346;255
26.11.2018 09:00;572;374;198
26.11.2018 10:00;323;182;141
26.11.2018 11:00;460;213;247
26.11.2018 12:00;494;221;273
26.11.2018 13:00;714;307;407
26.11.2018 14:00;455;217;238
26.11.2018 15:00;725;328;397
26.11.2018 16:00;648;308;340
26.11.2018 17:00;792;361;431
26.11.2018 18:00;618;278;340
26.11.2018 19:00;578;272;306
26.11.2018 20:00;389;196;193
26.11.2018 21:00;192;74;118
26.11.2018 22:00;245;92;153
26.11.2018 23:00;111;45;66
27.11.2018 00:00;46;15;31
27.11.2018 01:00;19;9;10
27.11.2018 02:00;10;3;7
27.11.2018 03:00;4;1;3
27.11.2018 04:00;6;5;1
27.11.2018 05:00;39;27;12
27.11.2018 06:00;122;71;51
27.11.2018 07:00;750;489;261
27.11.2018 08:00;600;334;266
27.11.2018 09:00;589;366;223
27.11.2018 10:00;261;168;93
27.11.2018 11:00;428;205;223
27.11.2018 12:00;430;187;243
27.11.2018 13:00;572;237;335
27.11.2018 14:00;346;165;181
27.11.2018 15:00;717;360;357
27.11.2018 16:00;603;280;323
27.11.2018 17:00;772;329;443
27.11.2018 18:00;591;256;335
27.11.2018 19:00;536;246;290
27.11.2018 20:00;330;158;172
27.11.2018 21:00;226;108;118
27.11.2018 22:00;221;70;151
27.11.2018 23:00;122;49;73
28.11.2018 00:00;71;33;38
28.11.2018 01:00;33;12;21
28.11.2018 02:00;3;1;2
28.11.2018 03:00;4;1;3
28.11.2018 04:00;8;5;3
28.11.2018 05:00;34;22;12
28.11.2018 06:00;133;73;60
28.11.2018 07:00;882;623;259
28.11.2018 08:00;635;380;255
28.11.2018 09:00;610;383;227
28.11.2018 10:00;329;183;146
28.11.2018 11:00;480;205;275
28.11.2018 12:00;496;223;273
28.11.2018 13:00;747;357;390
28.11.2018 14:00;485;239;246
28.11.2018 15:00;700;297;403
28.11.2018 16:00;674;304;370
28.11.2018 17:00;835;347;488
28.11.2018 18:00;666;275;391
28.11.2018 19:00;568;232;336
28.11.2018 20:00;417;227;190
28.11.2018 21:00;238;114;124
28.11.2018 22:00;222;82;140
28.11.2018 23:00;156;61;95
29.11.2018 00:00;80;19;61
29.11.2018 01:00;26;9;17
29.11.2018 02:00;16;7;9
29.11.2018 03:00;12;9;3
29.11.2018 04:00;8;6;2
29.11.2018 05:00;31;23;8
29.11.2018 06:00;126;70;56
29.11.2018 07:00;886;561;325
29.11.2018 08:00;621;365;256
29.11.2018 09:00;613;413;200
29.11.2018 10:00;312;178;134
29.11.2018 11:00;499;249;250
29.11.2018 12:00;561;227;334
29.11.2018 13:00;767;342;425
29.11.2018 14:00;476;231;245
29.11.2018 15:00;798;368;430
29.11.2018 16:00;702;343;359
29.11.2018 17:00;814;361;453
29.11.2018 18:00;692;346;346
29.11.2018 19:00;543;262;281
29.11.2018 20:00;378;160;218
29.11.2018 21:00;327;116;211
29.11.2018 22:00;250;91;159
29.11.2018 23:00;143;47;96
30.11.2018 00:00;72;22;50
30.11.2018 01:00;55;9;46
30.11.2018 02:00;24;7;17
30.11.2018 03:00;13;5;8
30.11.2018 04:00;4;3;1
30.11.2018 05:00;33;22;11
30.11.2018 06:00;130;67;63
30.11.2018 07:00;809;512;297
30.11.2018 08:00;533;314;219
30.11.2018 09:00;527;344;183
30.11.2018 10:00;350;206;144
30.11.2018 11:00;476;218;258
30.11.2018 12:00;629;286;343
30.11.2018 13:00;776;296;480
30.11.2018 14:00;512;246;266
30.11.2018 15:00;510;221;289
30.11.2018 16:00;513;245;268
30.11.2018 17:00;448;204;244
30.11.2018 18:00;434;201;233
30.11.2018 19:00;364;181;183
30.11.2018 20:00;247;137;110
30.11.2018 21:00;166;73;93
30.11.2018 22:00;165;73;92
30.11.2018 23:00;142;37;105
01.12.2018 00:00;113;27;86
01.12.2018 01:00;70;16;54
01.12.2018 02:00;57;9;48
01.12.2018 03:00;41;11;30
01.12.2018 04:00;22;8;14
01.12.2018 05:00;17;12;5
01.12.2018 06:00;37;21;16
01.12.2018 07:00;55;31;24
01.12.2018 08:00;164;94;70
01.12.2018 09:00;263;185;78
01.12.2018 10:00;362;220;142
01.12.2018 11:00;444;243;201
01.12.2018 12:00;484;234;250
01.12.2018 13:00;460;231;229
01.12.2018 14:00;481;204;277
01.12.2018 15:00;438;228;210
01.12.2018 16:00;416;199;217
01.12.2018 17:00;452;220;232
01.12.2018 18:00;362;205;157
01.12.2018 19:00;323;179;144
01.12.2018 20:00;210;80;130
01.12.2018 21:00;243;97;146
01.12.2018 22:00;219;63;156
01.12.2018 23:00;169;54;115
02.12.2018 00:00;148;50;98
02.12.2018 01:00;110;36;74
02.12.2018 02:00;71;30;41
02.12.2018 03:00;57;20;37
02.12.2018 04:00;32;8;24
02.12.2018 05:00;28;10;18
02.12.2018 06:00;18;6;12
02.12.2018 07:00;38;16;22
02.12.2018 08:00;38;18;20
02.12.2018 09:00;115;69;46
02.12.2018 10:00;95;65;30
02.12.2018 11:00;104;54;50
02.12.2018 12:00;126;71;55
02.12.2018 13:00;135;72;63
02.12.2018 14:00;175;80;95
02.12.2018 15:00;164;71;93
02.12.2018 16:00;200;102;98
02.12.2018 17:00;224;100;124
02.12.2018 18:00;160;77;83
02.12.2018 19:00;149;78;71
02.12.2018 20:00;137;53;84
02.12.2018 21:00;77;22;55
02.12.2018 22:00;82;37;45
02.12.2018 23:00;38;18;20
03.12.2018 00:00;17;4;13
03.12.2018 01:00;11;1;10
03.12.2018 02:00;8;5;3
03.12.2018 03:00;5;4;1
03.12.2018 04:00;8;3;5
03.12.2018 05:00;36;23;13
03.12.2018 06:00;124;74;50
03.12.2018 07:00;769;527;242
03.12.2018 08:00;541;297;244
03.12.2018 09:00;560;359;201
03.12.2018 10:00;343;204;139
03.12.2018 11:00;413;179;234
03.12.2018 12:00;479;226;253
03.12.2018 13:00;697;298;399
03.12.2018 14:00;457;227;230
03.12.2018 15:00;716;326;390
03.12.2018 16:00;546;252;294
03.12.2018 17:00;741;342;399
03.12.2018 18:00;586;279;307
03.12.2018 19:00;513;205;308
03.12.2018 20:00;266;96;170
03.12.2018 21:00;204;77;127
03.12.2018 22:00;141;58;83
03.12.2018 23:00;89;29;60
04.12.2018 00:00;42;23;19
04.12.2018 01:00;11;4;7
04.12.2018 02:00;14;6;8
04.12.2018 03:00;0;0;0
04.12.2018 04:00;4;3;1
04.12.2018 05:00;46;30;16
04.12.2018 06:00;103;66;37
04.12.2018 07:00;775;507;268
04.12.2018 08:00;635;355;280
04.12.2018 09:00;752;490;262
04.12.2018 10:00;467;295;172
04.12.2018 11:00;500;229;271
04.12.2018 12:00;471;188;283
04.12.2018 13:00;690;291;399
04.12.2018 14:00;432;210;222
04.12.2018 15:00;707;297;410
04.12.2018 16:00;573;277;296
04.12.2018 17:00;654;273;381
04.12.2018 18:00;559;257;302
04.12.2018 19:00;511;229;282
04.12.2018 20:00;303;123;180
04.12.2018 21:00;223;80;143
04.12.2018 22:00;216;72;144
04.12.2018 23:00;107;34;73
05.12.2018 00:00;55;18;37
05.12.2018 01:00;18;9;9
05.12.2018 02:00;13;4;9
05.12.2018 03:00;8;5;3
05.12.2018 04:00;5;3;2
05.12.2018 05:00;47;26;21
05.12.2018 06:00;109;62;47
05.12.2018 07:00;913;603;310
05.12.2018 08:00;637;372;265
05.12.2018 09:00;629;402;227
05.12.2018 10:00;332;192;140
05.12.2018 11:00;472;209;263
05.12.2018 12:00;492;217;275
05.12.2018 13:00;795;361;434
05.12.2018 14:00;502;270;232
05.12.2018 15:00;705;316;389
05.12.2018 16:00;674;300;374
05.12.2018 17:00;840;358;482
05.12.2018 18:00;671;305;366
05.12.2018 19:00;532;217;315
05.12.2018 20:00;421;217;204
05.12.2018 21:00;233;82;151
05.12.2018 22:00;223;76;147
05.12.2018 23:00;122;50;72
06.12.2018 00:00;88;34;54
06.12.2018 01:00;41;13;28
06.12.2018 02:00;30;27;3
06.12.2018 03:00;12;5;7
06.12.2018 04:00;7;3;4
06.12.2018 05:00;32;24;8
06.12.2018 06:00;98;54;44
06.12.2018 07:00;850;565;285
06.12.2018 08:00;614;353;261
06.12.2018 09:00;609;414;195
06.12.2018 10:00;301;167;134
06.12.2018 11:00;489;249;240
06.12.2018 12:00;496;201;295
06.12.2018 13:00;766;327;439
06.12.2018 14:00;443;216;227
06.12.2018 15:00;771;325;446
06.12.2018 16:00;707;318;389
06.12.2018 17:00;841;376;465
06.12.2018 18:00;726;389;337
06.12.2018 19:00;500;237;263
06.12.2018 20:00;429;174;255
06.12.2018 21:00;321;114;207
06.12.2018 22:00;228;79;149
06.12.2018 23:00;142;43;99
07.12.2018 00:00;122;46;76
07.12.2018 01:00;54;25;29
07.12.2018 02:00;38;25;13
07.12.2018 03:00;14;11;3
07.12.2018 04:00;21;20;1
07.12.2018 05:00;34;24;10
07.12.2018 06:00;116;63;53
07.12.2018 07:00;765;483;282
07.12.2018 08:00;657;414;243
07.12.2018 09:00;574;361;213
07.12.2018 10:00;389;212;177
07.12.2018 11:00;473;238;235
07.12.2018 12:00;638;283;355
07.12.2018 13:00;803;330;473
07.12.2018 14:00;598;287;311
07.12.2018 15:00;602;291;311
07.12.2018 16:00;683;292;391
07.12.2018 17:00;695;318;377
07.12.2018 18:00;579;315;264
07.12.2018 19:00;443;221;222
07.12.2018 20:00;295;111;184
07.12.2018 21:00;228;67;161
07.12.2018 22:00;192;67;125
07.12.2018 23:00;174;52;122
08.12.2018 00:00;106;41;65
08.12.2018 01:00;92;18;74
08.12.2018 02:00;58;7;51
08.12.2018 03:00;43;12;31
08.12.2018 04:00;16;7;9
08.12.2018 05:00;21;16;5
08.12.2018 06:00;30;22;8
08.12.2018 07:00;57;25;32
08.12.2018 08:00;156;97;59
08.12.2018 09:00;240;152;88
08.12.2018 10:00;327;210;117
08.12.2018 11:00;355;187;168
08.12.2018 12:00;360;186;174
08.12.2018 13:00;322;169;153
08.12.2018 14:00;299;157;142
08.12.2018 15:00;281;142;139
08.12.2018 16:00;306;149;157
08.12.2018 17:00;319;145;174
08.12.2018 18:00;284;121;163
08.12.2018 19:00;220;99;121
08.12.2018 20:00;192;89;103
08.12.2018 21:00;147;65;82
08.12.2018 22:00;135;37;98
08.12.2018 23:00;119;28;91
09.12.2018 00:00;111;36;75
09.12.2018 01:00;103;30;73
09.12.2018 02:00;49;19;30
09.12.2018 03:00;53;23;30
09.12.2018 04:00;9;4;5
09.12.2018 05:00;12;9;3
09.12.2018 06:00;11;9;2
09.12.2018 07:00;19;6;13
09.12.2018 08:00;23;12;11
09.12.2018 09:00;95;53;42
09.12.2018 10:00;119;72;47
09.12.2018 11:00;158;80;78
09.12.2018 12:00;172;87;85
09.12.2018 13:00;190;101;89
09.12.2018 14:00;150;83;67
09.12.2018 15:00;189;99;90
09.12.2018 16:00;181;108;73
09.12.2018 17:00;177;97;80
09.12.2018 18:00;163;69;94
09.12.2018 19:00;153;74;79
09.12.2018 20:00;141;47;94
09.12.2018 21:00;72;27;45
09.12.2018 22:00;78;27;51
09.12.2018 23:00;37;15;22
10.12.2018 00:00;16;9;7
10.12.2018 01:00;16;4;12
10.12.2018 02:00;8;4;4
10.12.2018 03:00;5;1;4
10.12.2018 04:00;5;3;2
10.12.2018 05:00;32;22;10
10.12.2018 06:00;129;82;47
10.12.2018 07:00;766;471;295
10.12.2018 08:00;560;312;248
10.12.2018 09:00;574;420;154
10.12.2018 10:00;329;199;130
10.12.2018 11:00;432;183;249
10.12.2018 12:00;458;195;263
10.12.2018 13:00;646;249;397
10.12.2018 14:00;346;154;192
10.12.2018 15:00;653;304;349
10.12.2018 16:00;652;298;354
10.12.2018 17:00;714;315;399
10.12.2018 18:00;630;314;316
10.12.2018 19:00;442;204;238
10.12.2018 20:00;304;141;163
10.12.2018 21:00;247;83;164
10.12.2018 22:00;162;65;97
10.12.2018 23:00;115;36;79
11.12.2018 00:00;42;16;26
11.12.2018 01:00;17;6;11
11.12.2018 02:00;4;2;2
11.12.2018 03:00;5;2;3
11.12.2018 04:00;11;7;4
11.12.2018 05:00;34;28;6
11.12.2018 06:00;121;75;46
11.12.2018 07:00;828;552;276
11.12.2018 08:00;663;372;291
11.12.2018 09:00;598;358;240
11.12.2018 10:00;326;192;134
11.12.2018 11:00;474;221;253
11.12.2018 12:00;483;220;263
11.12.2018 13:00;693;297;396
11.12.2018 14:00;473;204;269
11.12.2018 15:00;800;369;431
11.12.2018 16:00;676;316;360
11.12.2018 17:00;863;412;451
11.12.2018 18:00;662;312;350
11.12.2018 19:00;593;258;335
11.12.2018 20:00;410;175;235
11.12.2018 21:00;263;78;185
11.12.2018 22:00;222;64;158
11.12.2018 23:00;148;53;95
12.12.2018 00:00;50;19;31
12.12.2018 01:00;26;5;21
12.12.2018 02:00;15;4;11
12.12.2018 03:00;3;0;3
12.12.2018 04:00;5;4;1
12.12.2018 05:00;33;20;13
12.12.2018 06:00;135;89;46
12.12.2018 07:00;894;566;328
12.12.2018 08:00;595;354;241
12.12.2018 09:00;574;357;217
12.12.2018 10:00;318;176;142
12.12.2018 11:00;451;214;237
12.12.2018 12:00;482;219;263
12.12.2018 13:00;762;334;428
12.12.2018 14:00;482;261;221
12.12.2018 15:00;633;267;366
12.12.2018 16:00;678;305;373
12.12.2018 17:00;805;342;463
12.12.2018 18:00;627;287;340
12.12.2018 19:00;458;200;258
12.12.2018 20:00;416;176;240
12.12.2018 21:00;254;102;152
12.12.2018 22:00;217;69;148
12.12.2018 23:00;161;57;104
13.12.2018 00:00;85;24;61
13.12.2018 01:00;41;9;32
13.12.2018 02:00;22;13;9
13.12.2018 03:00;13;7;6
13.12.2018 04:00;15;10;5
13.12.2018 05:00;32;20;12
13.12.2018 06:00;139;79;60
13.12.2018 07:00;826;517;309
13.12.2018 08:00;531;288;243
13.12.2018 09:00;610;422;188
13.12.2018 10:00;309;171;138
13.12.2018 11:00;475;239;236
13.12.2018 12:00;463;194;269
13.12.2018 13:00;712;287;425
13.12.2018 14:00;482;240;242
13.12.2018 15:00;783;359;424
13.12.2018 16:00;618;308;310
13.12.2018 17:00;789;376;413
13.12.2018 18:00;644;301;343
13.12.2018 19:00;425;178;247
13.12.2018 20:00;359;123;236
13.12.2018 21:00;253;106;147
13.12.2018 22:00;219;84;135
13.12.2018 23:00;130;46;84
14.12.2018 00:00;70;31;39
14.12.2018 01:00;54;18;36
14.12.2018 02:00;25;17;8
14.12.2018 03:00;21;16;5
14.12.2018 04:00;4;4;0
14.12.2018 05:00;26;17;9
14.12.2018 06:00;133;76;57
14.12.2018 07:00;711;458;253
14.12.2018 08:00;571;314;257
14.12.2018 09:00;567;355;212
14.12.2018 10:00;366;221;145
14.12.2018 11:00;448;206;242
14.12.2018 12:00;554;256;298
14.12.2018 13:00;780;315;465
14.12.2018 14:00;535;246;289
14.12.2018 15:00;571;280;291
14.12.2018 16:00;592;294;298
14.12.2018 17:00;583;310;273
14.12.2018 18:00;494;221;273
14.12.2018 19:00;387;199;188
14.12.2018 20:00;270;125;145
14.12.2018 21:00;227;86;141
14.12.2018 22:00;203;73;130
14.12.2018 23:00;181;45;136
15.12.2018 00:00;125;39;86
15.12.2018 01:00;78;28;50
15.12.2018 02:00;75;28;47
15.12.2018 03:00;37;16;21
15.12.2018 04:00;29;13;16
15.12.2018 05:00;21;11;10
15.12.2018 06:00;35;24;11
15.12.2018 07:00;55;34;21
15.12.2018 08:00;120;68;52
15.12.2018 09:00;216;141;75
15.12.2018 10:00;292;177;115
15.12.2018 11:00;294;182;112
15.12.2018 12:00;380;213;167
15.12.2018 13:00;367;190;177
15.12.2018 14:00;356;178;178
15.12.2018 15:00;360;177;183
15.12.2018 16:00;347;164;183
15.12.2018 17:00;329;150;179
15.12.2018 18:00;302;127;175
15.12.2018 19:00;301;171;130
15.12.2018 20:00;243;112;131
15.12.2018 21:00;174;70;104
15.12.2018 22:00;176;43;133
15.12.2018 23:00;136;37;99
16.12.2018 00:00;107;36;71
16.12.2018 01:00;93;31;62
16.12.2018 02:00;62;23;39
16.12.2018 03:00;52;19;33
16.12.2018 04:00;17;14;3
16.12.2018 05:00;16;10;6
16.12.2018 06:00;19;10;9
16.12.2018 07:00;25;11;14
16.12.2018 08:00;40;11;29
16.12.2018 09:00;68;41;27
16.12.2018 10:00;90;53;37
16.12.2018 11:00;86;46;40
16.12.2018 12:00;113;65;48
16.12.2018 13:00;102;46;56
16.12.2018 14:00;167;94;73
16.12.2018 15:00;148;76;72
16.12.2018 16:00;183;99;84
16.12.2018 17:00;192;114;78
16.12.2018 18:00;189;72;117
16.12.2018 19:00;142;56;86
16.12.2018 20:00;135;51;84
16.12.2018 21:00;91;40;51
16.12.2018 22:00;69;42;27
16.12.2018 23:00;34;6;28
17.12.2018 00:00;24;5;19
17.12.2018 01:00;15;9;6
17.12.2018 02:00;6;5;1
17.12.2018 03:00;2;0;2
17.12.2018 04:00;9;6;3
17.12.2018 05:00;30;18;12
17.12.2018 06:00;111;65;46
17.12.2018 07:00;679;419;260
17.12.2018 08:00;509;274;235
17.12.2018 09:00;527;323;204
17.12.2018 10:00;293;187;106
17.12.2018 11:00;375;207;168
17.12.2018 12:00;449;192;257
17.12.2018 13:00;565;233;332
17.12.2018 14:00;445;200;245
17.12.2018 15:00;656;323;333
17.12.2018 16:00;530;260;270
17.12.2018 17:00;714;316;398
17.12.2018 18:00;586;272;314
17.12.2018 19:00;485;216;269
17.12.2018 20:00;327;118;209
17.12.2018 21:00;229;90;139
17.12.2018 22:00;185;77;108
17.12.2018 23:00;103;31;72
18.12.2018 00:00;64;30;34
18.12.2018 01:00;25;14;11
18.12.2018 02:00;25;16;9
18.12.2018 03:00;7;6;1
18.12.2018 04:00;6;4;2
18.12.2018 05:00;39;23;16
18.12.2018 06:00;103;62;41
18.12.2018 07:00;726;470;256
18.12.2018 08:00;601;340;261
18.12.2018 09:00;588;383;205
18.12.2018 10:00;335;204;131
18.12.2018 11:00;489;234;255
18.12.2018 12:00;459;205;254
18.12.2018 13:00;706;273;433
18.12.2018 14:00;432;204;228
18.12.2018 15:00;705;316;389
18.12.2018 16:00;609;295;314
18.12.2018 17:00;814;378;436
18.12.2018 18:00;625;285;340
18.12.2018 19:00;515;208;307
18.12.2018 20:00;308;130;178
18.12.2018 21:00;245;72;173
18.12.2018 22:00;216;65;151
18.12.2018 23:00;124;36;88
19.12.2018 00:00;78;36;42
19.12.2018 01:00;34;17;17
19.12.2018 02:00;17;11;6
19.12.2018 03:00;3;2;1
19.12.2018 04:00;3;3;0
19.12.2018 05:00;29;19;10
19.12.2018 06:00;122;69;53
19.12.2018 07:00;794;514;280
19.12.2018 08:00;586;363;223
19.12.2018 09:00;599;392;207
19.12.2018 10:00;326;169;157
19.12.2018 11:00;428;208;220
19.12.2018 12:00;511;238;273
19.12.2018 13:00;709;359;350
19.12.2018 14:00;481;231;250
19.12.2018 15:00;690;310;380
19.12.2018 16:00;651;325;326
19.12.2018 17:00;789;312;477
19.12.2018 18:00;646;299;347
19.12.2018 19:00;499;205;294
19.12.2018 20:00;416;156;260
19.12.2018 21:00;277;104;173
19.12.2018 22:00;266;114;152
19.12.2018 23:00;161;59;102
20.12.2018 00:00;126;43;83
20.12.2018 01:00;98;18;80
20.12.2018 02:00;33;13;20
20.12.2018 03:00;17;5;12
20.12.2018 04:00;20;16;4
20.12.2018 05:00;41;29;12
20.12.2018 06:00;103;57;46
20.12.2018 07:00;502;239;263
20.12.2018 08:00;535;317;218
20.12.2018 09:00;743;529;214
20.12.2018 10:00;365;224;141
20.12.2018 11:00;490;243;247
20.12.2018 12:00;638;315;323
20.12.2018 13:00;741;294;447
20.12.2018 14:00;548;243;305
20.12.2018 15:00;582;253;329
20.12.2018 16:00;608;279;329
20.12.2018 17:00;734;348;386
20.12.2018 18:00;623;307;316
20.12.2018 19:00;488;238;250
20.12.2018 20:00;322;130;192
20.12.2018 21:00;232;85;147
20.12.2018 22:00;217;77;140
20.12.2018 23:00;177;57;120
21.12.2018 00:00;113;26;87
21.12.2018 01:00;71;13;58
21.12.2018 02:00;42;14;28
21.12.2018 03:00;18;3;15
21.12.2018 04:00;11;5;6
21.12.2018 05:00;34;24;10
21.12.2018 06:00;93;52;41
21.12.2018 07:00;225;148;77
21.12.2018 08:00;364;201;163
21.12.2018 09:00;377;241;136
21.12.2018 10:00;270;154;116
21.12.2018 11:00;293;143;150
21.12.2018 12:00;333;158;175
21.12.2018 13:00;313;150;163
21.12.2018 14:00;270;119;151
21.12.2018 15:00;277;118;159
21.12.2018 16:00;299;139;160
21.12.2018 17:00;308;142;166
21.12.2018 18:00;264;125;139
21.12.2018 19:00;195;76;119
21.12.2018 20:00;151;61;90
21.12.2018 21:00;103;49;54
21.12.2018 22:00;96;33;63
21.12.2018 23:00;70;25;45
22.12.2018 00:00;82;25;57
22.12.2018 01:00;33;12;21
22.12.2018 02:00;31;10;21
22.12.2018 03:00;22;9;13
22.12.2018 04:00;10;2;8
22.12.2018 05:00;17;12;5
22.12.2018 06:00;30;15;15
22.12.2018 07:00;42;28;14
22.12.2018 08:00;93;58;35
22.12.2018 09:00;168;121;47
22.12.2018 10:00;211;108;103
22.12.2018 11:00;323;183;140
22.12.2018 12:00;306;170;136
22.12.2018 13:00;321;157;164
22.12.2018 14:00;317;162;155
22.12.2018 15:00;339;152;187
22.12.2018 16:00;311;149;162
22.12.2018 17:00;242;115;127
22.12.2018 18:00;233;110;123
22.12.2018 19:00;177;99;78
22.12.2018 20:00;128;58;70
22.12.2018 21:00;99;37;62
22.12.2018 22:00;106;34;72
22.12.2018 23:00;78;24;54
23.12.2018 00:00;65;16;49
23.12.2018 01:00;79;14;65
23.12.2018 02:00;44;15;29
23.12.2018 03:00;36;4;32
23.12.2018 04:00;21;8;13
23.12.2018 05:00;21;8;13
23.12.2018 06:00;16;11;5
23.12.2018 07:00;17;11;6
23.12.2018 08:00;29;18;11
23.12.2018 09:00;71;42;29
23.12.2018 10:00;76;46;30
23.12.2018 11:00;98;43;55
23.12.2018 12:00;92;51;41
23.12.2018 13:00;100;54;46
23.12.2018 14:00;95;48;47
23.12.2018 15:00;77;39;38
23.12.2018 16:00;94;48;46
23.12.2018 17:00;72;32;40
23.12.2018 18:00;73;31;42
23.12.2018 19:00;37;18;19
23.12.2018 20:00;43;20;23
23.12.2018 21:00;45;22;23
23.12.2018 22:00;28;10;18
23.12.2018 23:00;24;4;20
24.12.2018 00:00;12;5;7
24.12.2018 01:00;16;8;8
24.12.2018 02:00;10;5;5
24.12.2018 03:00;0;0;0
24.12.2018 04:00;8;1;7
24.12.2018 05:00;18;14;4
24.12.2018 06:00;22;10;12
24.12.2018 07:00;31;22;9
24.12.2018 08:00;83;48;35
24.12.2018 09:00;147;99;48
24.12.2018 10:00;246;113;133
24.12.2018 11:00;240;126;114
24.12.2018 12:00;248;100;148
24.12.2018 13:00;196;72;124
24.12.2018 14:00;157;61;96
24.12.2018 15:00;113;51;62
24.12.2018 16:00;135;50;85
24.12.2018 17:00;79;36;43
24.12.2018 18:00;85;30;55
24.12.2018 19:00;40;14;26
24.12.2018 20:00;15;7;8
24.12.2018 21:00;30;17;13
24.12.2018 22:00;45;35;10
24.12.2018 23:00;42;21;21
25.12.2018 00:00;34;17;17
25.12.2018 01:00;19;6;13
25.12.2018 02:00;11;8;3
25.12.2018 03:00;14;4;10
25.12.2018 04:00;6;3;3
25.12.2018 05:00;6;2;4
25.12.2018 06:00;11;3;8
25.12.2018 07:00;11;3;8
25.12.2018 08:00;13;8;5
25.12.2018 09:00;35;18;17
25.12.2018 10:00;34;19;15
25.12.2018 11:00;48;26;22
25.12.2018 12:00;60;23;37
25.12.2018 13:00;50;36;14
25.12.2018 14:00;75;34;41
25.12.2018 15:00;50;27;23
25.12.2018 16:00;72;40;32
25.12.2018 17:00;57;22;35
25.12.2018 18:00;57;33;24
25.12.2018 19:00;45;22;23
25.12.2018 20:00;41;25;16
25.12.2018 21:00;46;20;26
25.12.2018 22:00;42;16;26
25.12.2018 23:00;18;8;10
26.12.2018 00:00;19;6;13
26.12.2018 01:00;17;6;11
26.12.2018 02:00;5;1;4
26.12.2018 03:00;8;1;7
26.12.2018 04:00;5;3;2
26.12.2018 05:00;3;1;2
26.12.2018 06:00;10;1;9
26.12.2018 07:00;9;7;2
26.12.2018 08:00;11;6;5
26.12.2018 09:00;37;25;12
26.12.2018 10:00;49;29;20
26.12.2018 11:00;61;31;30
26.12.2018 12:00;85;37;48
26.12.2018 13:00;96;51;45
26.12.2018 14:00;74;32;42
26.12.2018 15:00;88;49;39
26.12.2018 16:00;116;63;53
26.12.2018 17:00;64;31;33
26.12.2018 18:00;79;38;41
26.12.2018 19:00;65;32;33
26.12.2018 20:00;83;55;28
26.12.2018 21:00;56;30;26
26.12.2018 22:00;46;17;29
26.12.2018 23:00;43;14;29
27.12.2018 00:00;15;3;12
27.12.2018 01:00;17;3;14
27.12.2018 02:00;10;3;7
27.12.2018 03:00;9;6;3
27.12.2018 04:00;15;13;2
27.12.2018 05:00;16;12;4
27.12.2018 06:00;49;32;17
27.12.2018 07:00;93;56;37
27.12.2018 08:00;99;63;36
27.12.2018 09:00;129;102;27
27.12.2018 10:00;171;97;74
27.12.2018 11:00;196;119;77
27.12.2018 12:00;233;105;128
27.12.2018 13:00;230;113;117
27.12.2018 14:00;222;113;109
27.12.2018 15:00;227;108;119
27.12.2018 16:00;240;107;133
27.12.2018 17:00;190;68;122
27.12.2018 18:00;193;75;118
27.12.2018 19:00;137;52;85
27.12.2018 20:00;237;113;124
27.12.2018 21:00;66;34;32
27.12.2018 22:00;82;24;58
27.12.2018 23:00;38;15;23
28.12.2018 00:00;23;8;15
28.12.2018 01:00;35;5;30
28.12.2018 02:00;14;7;7
28.12.2018 03:00;6;5;1
28.12.2018 04:00;5;5;0
28.12.2018 05:00;23;11;12
28.12.2018 06:00;52;31;21
28.12.2018 07:00;81;48;33
28.12.2018 08:00;117;84;33
28.12.2018 09:00;171;105;66
28.12.2018 10:00;221;136;85
28.12.2018 11:00;256;141;115
28.12.2018 12:00;241;114;127
28.12.2018 13:00;292;141;151
28.12.2018 14:00;253;112;141
28.12.2018 15:00;244;123;121
28.12.2018 16:00;256;115;141
28.12.2018 17:00;228;79;149
28.12.2018 18:00;230;92;138
28.12.2018 19:00;176;70;106
28.12.2018 20:00;123;47;76
28.12.2018 21:00;82;45;37
28.12.2018 22:00;84;28;56
28.12.2018 23:00;64;25;39
29.12.2018 00:00;52;13;39
29.12.2018 01:00;28;8;20
29.12.2018 02:00;28;11;17
29.12.2018 03:00;29;11;18
29.12.2018 04:00;8;6;2
29.12.2018 05:00;16;6;10
29.12.2018 06:00;20;12;8
29.12.2018 07:00;37;20;17
29.12.2018 08:00;67;45;22
29.12.2018 09:00;135;91;44
29.12.2018 10:00;172;106;66
29.12.2018 11:00;212;126;86
29.12.2018 12:00;218;102;116
29.12.2018 13:00;237;145;92
29.12.2018 14:00;253;113;140
29.12.2018 15:00;197;93;104
29.12.2018 16:00;180;76;104
29.12.2018 17:00;266;105;161
29.12.2018 18:00;165;65;100
29.12.2018 19:00;141;65;76
29.12.2018 20:00;114;54;60
29.12.2018 21:00;124;40;84
29.12.2018 22:00;83;38;45
29.12.2018 23:00;45;19;26
30.12.2018 00:00;49;13;36
30.12.2018 01:00;43;11;32
30.12.2018 02:00;19;8;11
30.12.2018 03:00;18;7;11
30.12.2018 04:00;12;5;7
30.12.2018 05:00;10;3;7
30.12.2018 06:00;15;6;9
30.12.2018 07:00;13;10;3
30.12.2018 08:00;21;8;13
30.12.2018 09:00;60;38;22
30.12.2018 10:00;47;32;15
30.12.2018 11:00;101;43;58
30.12.2018 12:00;87;44;43
30.12.2018 13:00;133;71;62
30.12.2018 14:00;156;79;77
30.12.2018 15:00;122;62;60
30.12.2018 16:00;173;84;89
30.12.2018 17:00;131;77;54
30.12.2018 18:00;107;53;54
30.12.2018 19:00;113;63;50
30.12.2018 20:00;64;27;37
30.12.2018 21:00;52;19;33
30.12.2018 22:00;54;22;32
30.12.2018 23:00;35;10;25
31.12.2018 00:00;32;11;21
31.12.2018 01:00;14;7;7
31.12.2018 02:00;10;4;6
31.12.2018 03:00;3;1;2
31.12.2018 04:00;4;0;4
31.12.2018 05:00;18;6;12
31.12.2018 06:00;23;15;8
31.12.2018 07:00;36;24;12
31.12.2018 08:00;77;48;29
31.12.2018 09:00;143;93;50
31.12.2018 10:00;206;99;107
31.12.2018 11:00;241;129;112
31.12.2018 12:00;204;98;106
31.12.2018 13:00;212;90;122
31.12.2018 14:00;163;57;106
31.12.2018 15:00;145;66;79
31.12.2018 16:00;119;49;70
31.12.2018 17:00;139;71;68
31.12.2018 18:00;181;92;89
31.12.2018 19:00;197;92;105
31.12.2018 20:00;96;40;56
31.12.2018 21:00;63;29;34
31.12.2018 22:00;56;27;29
31.12.2018 23:00;73;31;42
01.01.2019 0:00;61;25;36
01.01.2019 1:00;100;49;51
01.01.2019 2:00;143;73;70
01.01.2019 3:00;98;59;39
01.01.2019 4:00;68;34;34
01.01.2019 5:00;38;20;18
01.01.2019 6:00;26;11;15
01.01.2019 7:00;18;8;10
01.01.2019 8:00;26;13;13
01.01.2019 9:00;25;16;9
01.01.2019 10:00;47;23;24
01.01.2019 11:00;40;23;17
01.01.2019 12:00;88;49;39
01.01.2019 13:00;84;40;44
01.01.2019 14:00;81;39;42
01.01.2019 15:00;118;56;62
01.01.2019 16:00;110;56;54
01.01.2019 17:00;108;47;61
01.01.2019 18:00;72;32;40
01.01.2019 19:00;47;19;28
01.01.2019 20:00;56;40;16
01.01.2019 21:00;32;10;22
01.01.2019 22:00;40;16;24
01.01.2019 23:00;35;17;18
02.01.2019 0:00;12;3;9
02.01.2019 1:00;5;5;0
02.01.2019 2:00;2;0;2
02.01.2019 3:00;0;0;0
02.01.2019 4:00;3;3;0
02.01.2019 5:00;20;8;12
02.01.2019 6:00;69;36;33
02.01.2019 7:00;126;66;60
02.01.2019 8:00;181;106;75
02.01.2019 9:00;220;145;75
02.01.2019 10:00;231;141;90
02.01.2019 11:00;221;125;96
02.01.2019 12:00;269;135;134
02.01.2019 13:00;263;125;138
02.01.2019 14:00;265;141;124
02.01.2019 15:00;287;128;159
02.01.2019 16:00;320;144;176
02.01.2019 17:00;268;118;150
02.01.2019 18:00;220;100;120
02.01.2019 19:00;169;62;107
02.01.2019 20:00;117;56;61
02.01.2019 21:00;76;37;39
02.01.2019 22:00;87;37;50
02.01.2019 23:00;38;12;26
03.01.2019 0:00;24;10;14
03.01.2019 1:00;17;5;12
03.01.2019 2:00;4;2;2
03.01.2019 3:00;7;2;5
03.01.2019 4:00;10;7;3
03.01.2019 5:00;32;17;15
03.01.2019 6:00;73;42;31
03.01.2019 7:00;133;63;70
03.01.2019 8:00;202;109;93
03.01.2019 9:00;201;126;75
03.01.2019 10:00;196;109;87
03.01.2019 11:00;198;111;87
03.01.2019 12:00;277;133;144
03.01.2019 13:00;247;125;122
03.01.2019 14:00;290;152;138
03.01.2019 15:00;287;151;136
03.01.2019 16:00;363;173;190
03.01.2019 17:00;290;132;158
03.01.2019 18:00;279;109;170
03.01.2019 19:00;219;95;124
03.01.2019 20:00;133;50;83
03.01.2019 21:00;80;36;44
03.01.2019 22:00;84;28;56
03.01.2019 23:00;55;21;34
04.01.2019 0:00;19;10;9
04.01.2019 1:00;15;3;12
04.01.2019 2:00;12;7;5
04.01.2019 3:00;7;4;3
04.01.2019 4:00;7;6;1
04.01.2019 5:00;17;7;10
04.01.2019 6:00;51;28;23
04.01.2019 7:00;127;66;61
04.01.2019 8:00;190;113;77
04.01.2019 9:00;186;115;71
04.01.2019 10:00;203;120;83
04.01.2019 11:00;232;123;109
04.01.2019 12:00;277;118;159
04.01.2019 13:00;257;120;137
04.01.2019 14:00;307;151;156
04.01.2019 15:00;267;139;128
04.01.2019 16:00;301;150;151
04.01.2019 17:00;295;129;166
04.01.2019 18:00;272;127;145
04.01.2019 19:00;216;103;113
04.01.2019 20:00;141;75;66
04.01.2019 21:00;85;44;41
04.01.2019 22:00;64;30;34
04.01.2019 23:00;75;25;50
05.01.2019 0:00;59;32;27
05.01.2019 1:00;32;12;20
05.01.2019 2:00;22;7;15
05.01.2019 3:00;7;1;6
05.01.2019 4:00;17;7;10
05.01.2019 5:00;23;15;8
05.01.2019 6:00;18;9;9
05.01.2019 7:00;29;18;11
05.01.2019 8:00;66;38;28
05.01.2019 9:00;107;71;36
05.01.2019 10:00;114;71;43
05.01.2019 11:00;104;53;51
05.01.2019 12:00;131;73;58
05.01.2019 13:00;100;42;58
05.01.2019 14:00;118;53;65
05.01.2019 15:00;110;63;47
05.01.2019 16:00;102;40;62
05.01.2019 17:00;112;58;54
05.01.2019 18:00;131;59;72
05.01.2019 19:00;107;49;58
05.01.2019 20:00;99;33;66
05.01.2019 21:00;84;46;38
05.01.2019 22:00;69;35;34
05.01.2019 23:00;76;40;36
06.01.2019 0:00;63;34;29
06.01.2019 1:00;31;16;15
06.01.2019 2:00;25;7;18
06.01.2019 3:00;33;7;26
06.01.2019 4:00;10;4;6
06.01.2019 5:00;12;5;7
06.01.2019 6:00;7;3;4
06.01.2019 7:00;11;5;6
06.01.2019 8:00;22;11;11
06.01.2019 9:00;61;32;29
06.01.2019 10:00;62;30;32
06.01.2019 11:00;88;37;51
06.01.2019 12:00;115;61;54
06.01.2019 13:00;92;52;40
06.01.2019 14:00;120;62;58
06.01.2019 15:00;142;70;72
06.01.2019 16:00;135;56;79
06.01.2019 17:00;165;70;95
06.01.2019 18:00;140;63;77
06.01.2019 19:00;132;73;59
06.01.2019 20:00;102;41;61
06.01.2019 21:00;58;31;27
06.01.2019 22:00;51;29;22
06.01.2019 23:00;36;20;16
07.01.2019 0:00;31;19;12
07.01.2019 1:00;5;5;0
07.01.2019 2:00;6;4;2
07.01.2019 3:00;5;4;1
07.01.2019 4:00;9;6;3
07.01.2019 5:00;40;31;9
07.01.2019 6:00;114;73;41
07.01.2019 7:00;710;439;271
07.01.2019 8:00;522;289;233
07.01.2019 9:00;459;310;149
07.01.2019 10:00;234;125;109
07.01.2019 11:00;333;146;187
07.01.2019 12:00;388;184;204
07.01.2019 13:00;576;241;335
07.01.2019 14:00;352;172;180
07.01.2019 15:00;675;299;376
07.01.2019 16:00;542;241;301
07.01.2019 17:00;700;300;400
07.01.2019 18:00;546;245;301
07.01.2019 19:00;419;164;255
07.01.2019 20:00;247;113;134
07.01.2019 21:00;164;80;84
07.01.2019 22:00;149;52;97
07.01.2019 23:00;61;26;35
08.01.2019 0:00;25;14;11
08.01.2019 1:00;15;7;8
08.01.2019 2:00;9;5;4
08.01.2019 3:00;4;4;0
08.01.2019 4:00;8;5;3
08.01.2019 5:00;33;22;11
08.01.2019 6:00;110;79;31
08.01.2019 7:00;712;445;267
08.01.2019 8:00;559;317;242
08.01.2019 9:00;529;347;182
08.01.2019 10:00;269;150;119
08.01.2019 11:00;402;190;212
08.01.2019 12:00;389;151;238
08.01.2019 13:00;567;215;352
08.01.2019 14:00;331;174;157
08.01.2019 15:00;673;312;361
08.01.2019 16:00;583;268;315
08.01.2019 17:00;730;324;406
08.01.2019 18:00;531;221;310
08.01.2019 19:00;435;196;239
08.01.2019 20:00;259;106;153
08.01.2019 21:00;158;54;104
08.01.2019 22:00;163;56;107
08.01.2019 23:00;67;34;33
09.01.2019 0:00;34;21;13
09.01.2019 1:00;12;6;6
09.01.2019 2:00;11;7;4
09.01.2019 3:00;3;3;0
09.01.2019 4:00;9;6;3
09.01.2019 5:00;29;17;12
09.01.2019 6:00;109;64;45
09.01.2019 7:00;806;506;300
09.01.2019 8:00;559;322;237
09.01.2019 9:00;524;327;197
09.01.2019 10:00;276;136;140
09.01.2019 11:00;413;196;217
09.01.2019 12:00;402;200;202
09.01.2019 13:00;670;318;352
09.01.2019 14:00;391;194;197
09.01.2019 15:00;528;226;302
09.01.2019 16:00;534;244;290
09.01.2019 17:00;658;268;390
09.01.2019 18:00;570;250;320
09.01.2019 19:00;447;194;253
09.01.2019 20:00;287;142;145
09.01.2019 21:00;178;78;100
09.01.2019 22:00;209;95;114
09.01.2019 23:00;83;33;50
10.01.2019 0:00;48;16;32
10.01.2019 1:00;25;9;16
10.01.2019 2:00;14;5;9
10.01.2019 3:00;3;3;0
10.01.2019 4:00;7;5;2
10.01.2019 5:00;32;20;12
10.01.2019 6:00;97;63;34
10.01.2019 7:00;530;311;219
10.01.2019 8:00;340;209;131
10.01.2019 9:00;335;231;104
10.01.2019 10:00;143;94;49
10.01.2019 11:00;218;112;106
10.01.2019 12:00;178;67;111
10.01.2019 13:00;398;163;235
10.01.2019 14:00;261;139;122
10.01.2019 15:00;421;195;226
10.01.2019 16:00;364;180;184
10.01.2019 17:00;450;204;246
10.01.2019 18:00;379;181;198
10.01.2019 19:00;303;134;169
10.01.2019 20:00;222;94;128
10.01.2019 21:00;150;71;79
10.01.2019 22:00;147;47;100
10.01.2019 23:00;77;37;40
11.01.2019 0:00;36;20;16
11.01.2019 1:00;14;7;7
11.01.2019 2:00;11;7;4
11.01.2019 3:00;2;1;1
11.01.2019 4:00;9;6;3
11.01.2019 5:00;24;18;6
11.01.2019 6:00;105;61;44
11.01.2019 7:00;576;337;239
11.01.2019 8:00;441;250;191
11.01.2019 9:00;453;293;160
11.01.2019 10:00;279;140;139
11.01.2019 11:00;330;174;156
11.01.2019 12:00;450;198;252
11.01.2019 13:00;603;258;345
11.01.2019 14:00;401;211;190
11.01.2019 15:00;412;189;223
11.01.2019 16:00;450;202;248
11.01.2019 17:00;438;199;239
11.01.2019 18:00;372;171;201
11.01.2019 19:00;301;150;151
11.01.2019 20:00;180;86;94
11.01.2019 21:00;123;47;76
11.01.2019 22:00;125;43;82
11.01.2019 23:00;99;39;60
12.01.2019 0:00;87;29;58
12.01.2019 1:00;46;22;24
12.01.2019 2:00;34;22;12
12.01.2019 3:00;17;9;8
12.01.2019 4:00;15;7;8
12.01.2019 5:00;26;21;5
12.01.2019 6:00;30;15;15
12.01.2019 7:00;40;25;15
12.01.2019 8:00;122;78;44
12.01.2019 9:00;157;103;54
12.01.2019 10:00;189;118;71
12.01.2019 11:00;245;132;113
12.01.2019 12:00;270;158;112
12.01.2019 13:00;262;129;133
12.01.2019 14:00;251;133;118
12.01.2019 15:00;251;106;145
12.01.2019 16:00;243;96;147
12.01.2019 17:00;255;125;130
12.01.2019 18:00;263;118;145
12.01.2019 19:00;191;100;91
12.01.2019 20:00;201;104;97
12.01.2019 21:00;113;66;47
12.01.2019 22:00;129;47;82
12.01.2019 23:00;125;43;82
13.01.2019 0:00;110;30;80
13.01.2019 1:00;59;20;39
13.01.2019 2:00;47;15;32
13.01.2019 3:00;28;8;20
13.01.2019 4:00;28;16;12
13.01.2019 5:00;15;5;10
13.01.2019 6:00;7;6;1
13.01.2019 7:00;18;9;9
13.01.2019 8:00;47;27;20
13.01.2019 9:00;79;48;31
13.01.2019 10:00;79;41;38
13.01.2019 11:00;92;46;46
13.01.2019 12:00;79;53;26
13.01.2019 13:00;95;49;46
13.01.2019 14:00;110;61;49
13.01.2019 15:00;87;57;30
13.01.2019 16:00;151;75;76
13.01.2019 17:00;128;53;75
13.01.2019 18:00;138;65;73
13.01.2019 19:00;95;47;48
13.01.2019 20:00;99;49;50
13.01.2019 21:00;68;30;38
13.01.2019 22:00;59;27;32
13.01.2019 23:00;33;15;18
14.01.2019 0:00;11;4;7
14.01.2019 1:00;16;8;8
14.01.2019 2:00;6;4;2
14.01.2019 3:00;1;1;0
14.01.2019 4:00;4;3;1
14.01.2019 5:00;27;17;10
14.01.2019 6:00;115;61;54
14.01.2019 7:00;688;411;277
14.01.2019 8:00;512;277;235
14.01.2019 9:00;478;307;171
14.01.2019 10:00;301;166;135
14.01.2019 11:00;380;180;200
14.01.2019 12:00;382;187;195
14.01.2019 13:00;551;225;326
14.01.2019 14:00;352;195;157
14.01.2019 15:00;627;295;332
14.01.2019 16:00;511;229;282
14.01.2019 17:00;697;321;376
14.01.2019 18:00;562;268;294
14.01.2019 19:00;486;213;273
14.01.2019 20:00;268;121;147
14.01.2019 21:00;202;78;124
14.01.2019 22:00;157;57;100
14.01.2019 23:00;77;28;49
15.01.2019 0:00;33;10;23
15.01.2019 1:00;17;6;11
15.01.2019 2:00;5;5;0
15.01.2019 3:00;3;1;2
15.01.2019 4:00;6;4;2
15.01.2019 5:00;26;16;10
15.01.2019 6:00;124;75;49
15.01.2019 7:00;725;463;262
15.01.2019 8:00;633;359;274
15.01.2019 9:00;562;347;215
15.01.2019 10:00;323;166;157
15.01.2019 11:00;473;245;228
15.01.2019 12:00;448;176;272
15.01.2019 13:00;610;242;368
15.01.2019 14:00;426;209;217
15.01.2019 15:00;694;326;368
15.01.2019 16:00;638;275;363
15.01.2019 17:00;783;359;424
15.01.2019 18:00;653;295;358
15.01.2019 19:00;531;227;304
15.01.2019 20:00;318;141;177
15.01.2019 21:00;228;79;149
15.01.2019 22:00;190;71;119
15.01.2019 23:00;85;31;54
16.01.2019 0:00;32;11;21
16.01.2019 1:00;22;9;13
16.01.2019 2:00;4;3;1
16.01.2019 3:00;4;3;1
16.01.2019 4:00;11;10;1
16.01.2019 5:00;33;20;13
16.01.2019 6:00;132;79;53
16.01.2019 7:00;839;522;317
16.01.2019 8:00;615;359;256
16.01.2019 9:00;515;319;196
16.01.2019 10:00;253;128;125
16.01.2019 11:00;381;175;206
16.01.2019 12:00;452;195;257
16.01.2019 13:00;680;311;369
16.01.2019 14:00;475;229;246
16.01.2019 15:00;601;264;337
16.01.2019 16:00;564;244;320
16.01.2019 17:00;795;346;449
16.01.2019 18:00;597;253;344
16.01.2019 19:00;503;190;313
16.01.2019 20:00;385;182;203
16.01.2019 21:00;258;114;144
16.01.2019 22:00;191;73;118
16.01.2019 23:00;124;59;65
17.01.2019 0:00;82;27;55
17.01.2019 1:00;45;6;39
17.01.2019 2:00;15;13;2
17.01.2019 3:00;5;5;0
17.01.2019 4:00;7;6;1
17.01.2019 5:00;33;23;10
17.01.2019 6:00;124;74;50
17.01.2019 7:00;741;454;287
17.01.2019 8:00;531;303;228
17.01.2019 9:00;521;350;171
17.01.2019 10:00;277;160;117
17.01.2019 11:00;379;179;200
17.01.2019 12:00;372;144;228
17.01.2019 13:00;488;213;275
17.01.2019 14:00;334;160;174
17.01.2019 15:00;638;282;356
17.01.2019 16:00;558;273;285
17.01.2019 17:00;694;312;382
17.01.2019 18:00;588;261;327
17.01.2019 19:00;440;187;253
17.01.2019 20:00;256;101;155
17.01.2019 21:00;198;97;101
17.01.2019 22:00;185;72;113
17.01.2019 23:00;104;43;61
18.01.2019 0:00;59;27;32
18.01.2019 1:00;28;6;22
18.01.2019 2:00;4;4;0
18.01.2019 3:00;4;3;1
18.01.2019 4:00;10;4;6
18.01.2019 5:00;35;23;12
18.01.2019 6:00;89;43;46
18.01.2019 7:00;515;304;211
18.01.2019 8:00;462;265;197
18.01.2019 9:00;426;269;157
18.01.2019 10:00;250;156;94
18.01.2019 11:00;321;176;145
18.01.2019 12:00;379;176;203
18.01.2019 13:00;503;210;293
18.01.2019 14:00;350;168;182
18.01.2019 15:00;400;196;204
18.01.2019 16:00;480;234;246
18.01.2019 17:00;490;233;257
18.01.2019 18:00;401;180;221
18.01.2019 19:00;316;136;180
18.01.2019 20:00;242;124;118
18.01.2019 21:00;165;65;100
18.01.2019 22:00;138;73;65
18.01.2019 23:00;146;60;86
19.01.2019 0:00;68;29;39
19.01.2019 1:00;62;25;37
19.01.2019 2:00;46;21;25
19.01.2019 3:00;31;17;14
19.01.2019 4:00;13;3;10
19.01.2019 5:00;17;10;7
19.01.2019 6:00;29;19;10
19.01.2019 7:00;41;25;16
19.01.2019 8:00;113;69;44
19.01.2019 9:00;234;139;95
19.01.2019 10:00;258;163;95
19.01.2019 11:00;280;153;127
19.01.2019 12:00;282;151;131
19.01.2019 13:00;310;159;151
19.01.2019 14:00;303;129;174
19.01.2019 15:00;274;132;142
19.01.2019 16:00;239;105;134
19.01.2019 17:00;281;121;160
19.01.2019 18:00;267;135;132
19.01.2019 19:00;190;85;105
19.01.2019 20:00;165;76;89
19.01.2019 21:00;139;75;64
19.01.2019 22:00;113;53;60
19.01.2019 23:00;125;51;74
20.01.2019 0:00;97;43;54
20.01.2019 1:00;50;15;35
20.01.2019 2:00;59;17;42
20.01.2019 3:00;30;14;16
20.01.2019 4:00;44;21;23
20.01.2019 5:00;16;8;8
20.01.2019 6:00;25;13;12
20.01.2019 7:00;22;8;14
20.01.2019 8:00;35;14;21
20.01.2019 9:00;121;69;52
20.01.2019 10:00;113;67;46
20.01.2019 11:00;136;68;68
20.01.2019 12:00;172;83;89
20.01.2019 13:00;173;88;85
20.01.2019 14:00;195;102;93
20.01.2019 15:00;183;89;94
20.01.2019 16:00;191;80;111
20.01.2019 17:00;201;105;96
20.01.2019 18:00;172;64;108
20.01.2019 19:00;154;80;74
20.01.2019 20:00;150;67;83
20.01.2019 21:00;89;45;44
20.01.2019 22:00;70;23;47
20.01.2019 23:00;47;23;24
21.01.2019 0:00;15;8;7
21.01.2019 1:00;12;5;7
21.01.2019 2:00;4;4;0
21.01.2019 3:00;0;0;0
21.01.2019 4:00;8;7;1
21.01.2019 5:00;23;13;10
21.01.2019 6:00;117;79;38
21.01.2019 7:00;722;446;276
21.01.2019 8:00;542;301;241
21.01.2019 9:00;493;327;166
21.01.2019 10:00;270;149;121
21.01.2019 11:00;367;188;179
21.01.2019 12:00;444;182;262
21.01.2019 13:00;601;273;328
21.01.2019 14:00;386;194;192
21.01.2019 15:00;620;284;336
21.01.2019 16:00;541;255;286
21.01.2019 17:00;695;315;380
21.01.2019 18:00;553;266;287
21.01.2019 19:00;493;219;274
21.01.2019 20:00;273;120;153
21.01.2019 21:00;200;86;114
21.01.2019 22:00;158;52;106
21.01.2019 23:00;73;23;50
22.01.2019 0:00;34;13;21
22.01.2019 1:00;17;5;12
22.01.2019 2:00;3;3;0
22.01.2019 3:00;4;3;1
22.01.2019 4:00;5;5;0
22.01.2019 5:00;32;22;10
22.01.2019 6:00;141;84;57
22.01.2019 7:00;766;502;264
22.01.2019 8:00;578;319;259
22.01.2019 9:00;585;375;210
22.01.2019 10:00;293;168;125
22.01.2019 11:00;413;191;222
22.01.2019 12:00;392;161;231
22.01.2019 13:00;584;240;344
22.01.2019 14:00;397;197;200
22.01.2019 15:00;632;301;331
22.01.2019 16:00;550;279;271
22.01.2019 17:00;707;311;396
22.01.2019 18:00;579;258;321
22.01.2019 19:00;440;193;247
22.01.2019 20:00;292;140;152
22.01.2019 21:00;210;85;125
22.01.2019 22:00;187;77;110
22.01.2019 23:00;71;22;49
23.01.2019 0:00;41;14;27
23.01.2019 1:00;13;7;6
23.01.2019 2:00;5;2;3
23.01.2019 3:00;3;2;1
23.01.2019 4:00;6;4;2
23.01.2019 5:00;34;20;14
23.01.2019 6:00;123;69;54
23.01.2019 7:00;821;513;308
23.01.2019 8:00;551;322;229
23.01.2019 9:00;515;323;192
23.01.2019 10:00;244;137;107
23.01.2019 11:00;368;184;184
23.01.2019 12:00;484;208;276
23.01.2019 13:00;642;315;327
23.01.2019 14:00;371;179;192
23.01.2019 15:00;595;266;329
23.01.2019 16:00;495;236;259
23.01.2019 17:00;726;286;440
23.01.2019 18:00;534;219;315
23.01.2019 19:00;463;213;250
23.01.2019 20:00;322;176;146
23.01.2019 21:00;204;89;115
23.01.2019 22:00;199;75;124
23.01.2019 23:00;117;47;70
24.01.2019 0:00;60;19;41
24.01.2019 1:00;22;6;16
24.01.2019 2:00;14;5;9
24.01.2019 3:00;7;4;3
24.01.2019 4:00;9;8;1
24.01.2019 5:00;24;15;9
24.01.2019 6:00;125;81;44
24.01.2019 7:00;746;458;288
24.01.2019 8:00;538;307;231
24.01.2019 9:00;476;311;165
24.01.2019 10:00;213;126;87
24.01.2019 11:00;335;162;173
24.01.2019 12:00;313;125;188
24.01.2019 13:00;541;218;323
24.01.2019 14:00;320;146;174
24.01.2019 15:00;576;273;303
24.01.2019 16:00;589;301;288
24.01.2019 17:00;641;281;360
24.01.2019 18:00;540;252;288
24.01.2019 19:00;344;163;181
24.01.2019 20:00;269;106;163
24.01.2019 21:00;193;89;104
24.01.2019 22:00;136;52;84
24.01.2019 23:00;107;41;66
25.01.2019 0:00;59;14;45
25.01.2019 1:00;20;6;14
25.01.2019 2:00;12;7;5
25.01.2019 3:00;8;2;6
25.01.2019 4:00;8;3;5
25.01.2019 5:00;22;14;8
25.01.2019 6:00;119;69;50
25.01.2019 7:00;636;396;240
25.01.2019 8:00;522;316;206
25.01.2019 9:00;439;270;169
25.01.2019 10:00;274;158;116
25.01.2019 11:00;323;159;164
25.01.2019 12:00;474;229;245
25.01.2019 13:00;614;228;386
25.01.2019 14:00;433;220;213
25.01.2019 15:00;449;213;236
25.01.2019 16:00;445;205;240
25.01.2019 17:00;494;218;276
25.01.2019 18:00;402;185;217
25.01.2019 19:00;350;178;172
25.01.2019 20:00;227;127;100
25.01.2019 21:00;158;71;87
25.01.2019 22:00;175;65;110
25.01.2019 23:00;131;43;88
26.01.2019 0:00;81;15;66
26.01.2019 1:00;65;22;43
26.01.2019 2:00;25;14;11
26.01.2019 3:00;22;9;13
26.01.2019 4:00;16;7;9
26.01.2019 5:00;17;10;7
26.01.2019 6:00;31;18;13
26.01.2019 7:00;64;39;25
26.01.2019 8:00;137;85;52
26.01.2019 9:00;234;156;78
26.01.2019 10:00;282;179;103
26.01.2019 11:00;306;176;130
26.01.2019 12:00;278;139;139
26.01.2019 13:00;307;159;148
26.01.2019 14:00;300;153;147
26.01.2019 15:00;262;122;140
26.01.2019 16:00;276;140;136
26.01.2019 17:00;328;154;174
26.01.2019 18:00;257;109;148
26.01.2019 19:00;246;115;131
26.01.2019 20:00;220;111;109
26.01.2019 21:00;156;83;73
26.01.2019 22:00;102;40;62
26.01.2019 23:00;94;34;60
27.01.2019 0:00;113;34;79
27.01.2019 1:00;72;28;44
27.01.2019 2:00;44;14;30
27.01.2019 3:00;37;6;31
27.01.2019 4:00;14;6;8
27.01.2019 5:00;13;6;7
27.01.2019 6:00;16;7;9
27.01.2019 7:00;22;10;12
27.01.2019 8:00;34;19;15
27.01.2019 9:00;124;94;30
27.01.2019 10:00;130;77;53
27.01.2019 11:00;144;70;74
27.01.2019 12:00;165;82;83
27.01.2019 13:00;169;96;73
27.01.2019 14:00;227;110;117
27.01.2019 15:00;183;85;98
27.01.2019 16:00;185;97;88
27.01.2019 17:00;193;99;94
27.01.2019 18:00;236;104;132
27.01.2019 19:00;165;76;89
27.01.2019 20:00;131;59;72
27.01.2019 21:00;74;29;45
27.01.2019 22:00;78;34;44
27.01.2019 23:00;45;22;23
28.01.2019 0:00;26;8;18
28.01.2019 1:00;14;4;10
28.01.2019 2:00;16;2;14
28.01.2019 3:00;1;0;1
28.01.2019 4:00;7;4;3
28.01.2019 5:00;17;10;7
28.01.2019 6:00;113;65;48
28.01.2019 7:00;630;373;257
28.01.2019 8:00;530;296;234
28.01.2019 9:00;444;272;172
28.01.2019 10:00;304;170;134
28.01.2019 11:00;311;144;167
28.01.2019 12:00;421;197;224
28.01.2019 13:00;569;210;359
28.01.2019 14:00;339;168;171
28.01.2019 15:00;504;258;246
28.01.2019 16:00;535;262;273
28.01.2019 17:00;641;304;337
28.01.2019 18:00;467;208;259
28.01.2019 19:00;411;206;205
28.01.2019 20:00;275;127;148
28.01.2019 21:00;141;59;82
28.01.2019 22:00;152;64;88
28.01.2019 23:00;75;29;46
29.01.2019 0:00;22;10;12
29.01.2019 1:00;20;3;17
29.01.2019 2:00;6;2;4
29.01.2019 3:00;5;2;3
29.01.2019 4:00;7;5;2
29.01.2019 5:00;36;21;15
29.01.2019 6:00;133;84;49
29.01.2019 7:00;638;403;235
29.01.2019 8:00;528;287;241
29.01.2019 9:00;488;289;199
29.01.2019 10:00;307;154;153
29.01.2019 11:00;348;181;167
29.01.2019 12:00;417;175;242
29.01.2019 13:00;571;226;345
29.01.2019 14:00;436;211;225
29.01.2019 15:00;604;312;292
29.01.2019 16:00;569;294;275
29.01.2019 17:00;621;297;324
29.01.2019 18:00;574;252;322
29.01.2019 19:00;491;215;276
29.01.2019 20:00;281;129;152
29.01.2019 21:00;218;103;115
29.01.2019 22:00;156;59;97
29.01.2019 23:00;95;38;57
30.01.2019 0:00;43;18;25
30.01.2019 1:00;15;7;8
30.01.2019 2:00;18;7;11
30.01.2019 3:00;3;1;2
30.01.2019 4:00;6;4;2
30.01.2019 5:00;28;16;12
30.01.2019 6:00;115;69;46
30.01.2019 7:00;673;412;261
30.01.2019 8:00;558;326;232
30.01.2019 9:00;462;286;176
30.01.2019 10:00;261;139;122
30.01.2019 11:00;335;157;178
30.01.2019 12:00;393;186;207
30.01.2019 13:00;652;300;352
30.01.2019 14:00;399;190;209
30.01.2019 15:00;487;210;277
30.01.2019 16:00;489;222;267
30.01.2019 17:00;594;291;303
30.01.2019 18:00;537;218;319
30.01.2019 19:00;382;156;226
30.01.2019 20:00;277;135;142
30.01.2019 21:00;201;89;112
30.01.2019 22:00;138;68;70
30.01.2019 23:00;91;34;57
31.01.2019 0:00;50;25;25
31.01.2019 1:00;25;6;19
31.01.2019 2:00;15;6;9
31.01.2019 3:00;4;2;2
31.01.2019 4:00;5;3;2
31.01.2019 5:00;24;15;9
31.01.2019 6:00;119;75;44
31.01.2019 7:00;610;353;257
31.01.2019 8:00;536;305;231
31.01.2019 9:00;489;315;174
31.01.2019 10:00;281;151;130
31.01.2019 11:00;360;175;185
31.01.2019 12:00;363;159;204
31.01.2019 13:00;540;237;303
31.01.2019 14:00;372;176;196
31.01.2019 15:00;606;269;337
31.01.2019 16:00;577;279;298
31.01.2019 17:00;668;306;362
31.01.2019 18:00;558;267;291
31.01.2019 19:00;366;158;208
31.01.2019 20:00;272;106;166
31.01.2019 21:00;206;82;124
31.01.2019 22:00;166;73;93
31.01.2019 23:00;99;35;64
01.02.2019 0:00;46;17;29
01.02.2019 1:00;41;13;28
01.02.2019 2:00;17;4;13
01.02.2019 3:00;2;1;1
01.02.2019 4:00;3;2;1
01.02.2019 5:00;25;19;6
01.02.2019 6:00;119;74;45
01.02.2019 7:00;607;362;245
01.02.2019 8:00;534;317;217
01.02.2019 9:00;461;287;174
01.02.2019 10:00;291;182;109
01.02.2019 11:00;414;190;224
01.02.2019 12:00;506;234;272
01.02.2019 13:00;714;318;396
01.02.2019 14:00;476;193;283
01.02.2019 15:00;488;210;278
01.02.2019 16:00;537;273;264
01.02.2019 17:00;508;250;258
01.02.2019 18:00;415;194;221
01.02.2019 19:00;366;165;201
01.02.2019 20:00;224;96;128
01.02.2019 21:00;141;57;84
01.02.2019 22:00;145;53;92
01.02.2019 23:00;121;32;89
02.02.2019 0:00;96;26;70
02.02.2019 1:00;51;25;26
02.02.2019 2:00;45;15;30
02.02.2019 3:00;17;3;14
02.02.2019 4:00;7;3;4
02.02.2019 5:00;16;10;6
02.02.2019 6:00;31;20;11
02.02.2019 7:00;41;27;14
02.02.2019 8:00;140;94;46
02.02.2019 9:00;196;128;68
02.02.2019 10:00;286;162;124
02.02.2019 11:00;274;150;124
02.02.2019 12:00;325;182;143
02.02.2019 13:00;340;189;151
02.02.2019 14:00;321;143;178
02.02.2019 15:00;328;143;185
02.02.2019 16:00;258;99;159
02.02.2019 17:00;268;112;156
02.02.2019 18:00;290;124;166
02.02.2019 19:00;198;92;106
02.02.2019 20:00;190;85;105
02.02.2019 21:00;167;92;75
02.02.2019 22:00;113;48;65
02.02.2019 23:00;118;43;75
03.02.2019 0:00;106;27;79
03.02.2019 1:00;57;16;41
03.02.2019 2:00;48;15;33
03.02.2019 3:00;30;4;26
03.02.2019 4:00;7;4;3
03.02.2019 5:00;8;8;0
03.02.2019 6:00;21;6;15
03.02.2019 7:00;13;9;4
03.02.2019 8:00;31;19;12
03.02.2019 9:00;68;34;34
03.02.2019 10:00;86;54;32
03.02.2019 11:00;105;63;42
03.02.2019 12:00;92;48;44
03.02.2019 13:00;114;58;56
03.02.2019 14:00;144;75;69
03.02.2019 15:00;97;54;43
03.02.2019 16:00;103;48;55
03.02.2019 17:00;143;70;73
03.02.2019 18:00;142;49;93
03.02.2019 19:00;123;58;65
03.02.2019 20:00;92;44;48
03.02.2019 21:00;59;19;40
03.02.2019 22:00;77;32;45
03.02.2019 23:00;45;19;26
04.02.2019 0:00;14;5;9
04.02.2019 1:00;12;6;6
04.02.2019 2:00;13;5;8
04.02.2019 3:00;7;1;6
04.02.2019 4:00;37;25;12
04.02.2019 5:00;28;14;14
04.02.2019 6:00;91;59;32
04.02.2019 7:00;577;338;239
04.02.2019 8:00;424;208;216
04.02.2019 9:00;363;213;150
04.02.2019 10:00;243;148;95
04.02.2019 11:00;271;141;130
04.02.2019 12:00;324;152;172
04.02.2019 13:00;540;257;283
04.02.2019 14:00;384;186;198
04.02.2019 15:00;544;261;283
04.02.2019 16:00;533;247;286
04.02.2019 17:00;578;248;330
04.02.2019 18:00;470;235;235
04.02.2019 19:00;375;165;210
04.02.2019 20:00;262;107;155
04.02.2019 21:00;178;72;106
04.02.2019 22:00;138;61;77
04.02.2019 23:00;81;30;51
05.02.2019 0:00;37;14;23
05.02.2019 1:00;8;4;4
05.02.2019 2:00;13;7;6
05.02.2019 3:00;5;2;3
05.02.2019 4:00;8;8;0
05.02.2019 5:00;22;17;5
05.02.2019 6:00;144;89;55
05.02.2019 7:00;674;415;259
05.02.2019 8:00;523;277;246
05.02.2019 9:00;476;286;190
05.02.2019 10:00;253;138;115
05.02.2019 11:00;353;156;197
05.02.2019 12:00;366;152;214
05.02.2019 13:00;561;223;338
05.02.2019 14:00;398;193;205
05.02.2019 15:00;547;263;284
05.02.2019 16:00;503;256;247
05.02.2019 17:00;628;304;324
05.02.2019 18:00;526;249;277
05.02.2019 19:00;482;247;235
05.02.2019 20:00;269;129;140
05.02.2019 21:00;172;82;90
05.02.2019 22:00;183;57;126
05.02.2019 23:00;66;23;43
06.02.2019 0:00;35;17;18
06.02.2019 1:00;20;6;14
06.02.2019 2:00;4;1;3
06.02.2019 3:00;2;1;1
06.02.2019 4:00;4;2;2
06.02.2019 5:00;27;15;12
06.02.2019 6:00;108;66;42
06.02.2019 7:00;695;377;318
06.02.2019 8:00;554;325;229
06.02.2019 9:00;489;309;180
06.02.2019 10:00;270;144;126
06.02.2019 11:00;337;174;163
06.02.2019 12:00;440;200;240
06.02.2019 13:00;613;274;339
06.02.2019 14:00;408;188;220
06.02.2019 15:00;495;213;282
06.02.2019 16:00;490;259;231
06.02.2019 17:00;601;266;335
06.02.2019 18:00;537;243;294
06.02.2019 19:00;415;204;211
06.02.2019 20:00;324;167;157
06.02.2019 21:00;182;76;106
06.02.2019 22:00;177;85;92
06.02.2019 23:00;93;28;65
07.02.2019 0:00;49;13;36
07.02.2019 1:00;29;10;19
07.02.2019 2:00;24;8;16
07.02.2019 3:00;5;2;3
07.02.2019 4:00;6;5;1
07.02.2019 5:00;27;18;9
07.02.2019 6:00;115;71;44
07.02.2019 7:00;633;373;260
07.02.2019 8:00;519;289;230
07.02.2019 9:00;423;255;168
07.02.2019 10:00;237;129;108
07.02.2019 11:00;347;156;191
07.02.2019 12:00;377;161;216
07.02.2019 13:00;480;192;288
07.02.2019 14:00;330;147;183
07.02.2019 15:00;457;214;243
07.02.2019 16:00;466;230;236
07.02.2019 17:00;580;265;315
07.02.2019 18:00;489;219;270
07.02.2019 19:00;339;160;179
07.02.2019 20:00;247;114;133
07.02.2019 21:00;157;74;83
07.02.2019 22:00;164;71;93
07.02.2019 23:00;83;38;45
08.02.2019 0:00;49;23;26
08.02.2019 1:00;29;4;25
08.02.2019 2:00;20;13;7
08.02.2019 3:00;11;4;7
08.02.2019 4:00;6;3;3
08.02.2019 5:00;19;10;9
08.02.2019 6:00;114;71;43
08.02.2019 7:00;623;381;242
08.02.2019 8:00;548;306;242
08.02.2019 9:00;489;308;181
08.02.2019 10:00;340;185;155
08.02.2019 11:00;511;285;226
08.02.2019 12:00;534;210;324
08.02.2019 13:00;672;265;407
08.02.2019 14:00;520;230;290
08.02.2019 15:00;509;228;281
08.02.2019 16:00;539;262;277
08.02.2019 17:00;504;225;279
08.02.2019 18:00;450;212;238
08.02.2019 19:00;335;178;157
08.02.2019 20:00;251;119;132
08.02.2019 21:00;168;104;64
08.02.2019 22:00;144;51;93
08.02.2019 23:00;126;25;101
09.02.2019 0:00;87;20;67
09.02.2019 1:00;53;6;47
09.02.2019 2:00;35;17;18
09.02.2019 3:00;29;9;20
09.02.2019 4:00;8;4;4
09.02.2019 5:00;24;20;4
09.02.2019 6:00;47;35;12
09.02.2019 7:00;52;27;25
09.02.2019 8:00;112;63;49
09.02.2019 9:00;235;131;104
09.02.2019 10:00;299;176;123
09.02.2019 11:00;334;167;167
09.02.2019 12:00;314;171;143
09.02.2019 13:00;346;178;168
09.02.2019 14:00;377;182;195
09.02.2019 15:00;318;141;177
09.02.2019 16:00;305;136;169
09.02.2019 17:00;280;136;144
09.02.2019 18:00;295;147;148
09.02.2019 19:00;226;98;128
09.02.2019 20:00;227;118;109
09.02.2019 21:00;145;79;66
09.02.2019 22:00;142;56;86
09.02.2019 23:00;113;38;75
10.02.2019 0:00;102;24;78
10.02.2019 1:00;88;31;57
10.02.2019 2:00;55;23;32
10.02.2019 3:00;37;11;26
10.02.2019 4:00;11;9;2
10.02.2019 5:00;18;12;6
10.02.2019 6:00;20;12;8
10.02.2019 7:00;24;11;13
10.02.2019 8:00;60;34;26
10.02.2019 9:00;128;61;67
10.02.2019 10:00;143;84;59
10.02.2019 11:00;175;82;93
10.02.2019 12:00;205;112;93
10.02.2019 13:00;219;98;121
10.02.2019 14:00;223;122;101
10.02.2019 15:00;178;94;84
10.02.2019 16:00;187;90;97
10.02.2019 17:00;157;88;69
10.02.2019 18:00;156;82;74
10.02.2019 19:00;124;60;64
10.02.2019 20:00;79;38;41
10.02.2019 21:00;79;30;49
10.02.2019 22:00;55;18;37
10.02.2019 23:00;25;14;11
11.02.2019 0:00;13;6;7
11.02.2019 1:00;12;1;11
11.02.2019 2:00;11;3;8
11.02.2019 3:00;1;0;1
11.02.2019 4:00;6;3;3
11.02.2019 5:00;28;15;13
11.02.2019 6:00;101;55;46
11.02.2019 7:00;636;384;252
11.02.2019 8:00;505;271;234
11.02.2019 9:00;445;254;191
11.02.2019 10:00;268;159;109
11.02.2019 11:00;377;172;205
11.02.2019 12:00;371;171;200
11.02.2019 13:00;528;191;337
11.02.2019 14:00;406;220;186
11.02.2019 15:00;550;272;278
11.02.2019 16:00;571;297;274
11.02.2019 17:00;590;264;326
11.02.2019 18:00;468;227;241
11.02.2019 19:00;394;186;208
11.02.2019 20:00;304;145;159
11.02.2019 21:00;171;75;96
11.02.2019 22:00;137;63;74
11.02.2019 23:00;62;22;40
12.02.2019 0:00;21;4;17
12.02.2019 1:00;23;8;15
12.02.2019 2:00;11;8;3
12.02.2019 3:00;8;4;4
12.02.2019 4:00;6;1;5
12.02.2019 5:00;27;16;11
12.02.2019 6:00;129;83;46
12.02.2019 7:00;668;407;261
12.02.2019 8:00;557;285;272
12.02.2019 9:00;458;267;191
12.02.2019 10:00;273;147;126
12.02.2019 11:00;403;178;225
12.02.2019 12:00;445;186;259
12.02.2019 13:00;587;248;339
12.02.2019 14:00;370;175;195
12.02.2019 15:00;648;298;350
12.02.2019 16:00;561;291;270
12.02.2019 17:00;678;309;369
12.02.2019 18:00;539;276;263
12.02.2019 19:00;452;209;243
12.02.2019 20:00;263;106;157
12.02.2019 21:00;194;83;111
12.02.2019 22:00;165;62;103
12.02.2019 23:00;80;46;34
13.02.2019 0:00;53;16;37
13.02.2019 1:00;27;6;21
13.02.2019 2:00;13;1;12
13.02.2019 3:00;15;6;9
13.02.2019 4:00;2;1;1
13.02.2019 5:00;29;18;11
13.02.2019 6:00;116;75;41
13.02.2019 7:00;700;413;287
13.02.2019 8:00;553;311;242
13.02.2019 9:00;454;282;172
13.02.2019 10:00;255;134;121
13.02.2019 11:00;393;189;204
13.02.2019 12:00;456;207;249
13.02.2019 13:00;642;274;368
13.02.2019 14:00;432;193;239
13.02.2019 15:00;572;273;299
13.02.2019 16:00;601;292;309
13.02.2019 17:00;741;317;424
13.02.2019 18:00;570;286;284
13.02.2019 19:00;392;171;221
13.02.2019 20:00;372;192;180
13.02.2019 21:00;198;80;118
13.02.2019 22:00;193;73;120
13.02.2019 23:00;114;42;72
14.02.2019 0:00;60;12;48
14.02.2019 1:00;24;6;18
14.02.2019 2:00;10;7;3
14.02.2019 3:00;4;1;3
14.02.2019 4:00;8;6;2
14.02.2019 5:00;25;17;8
14.02.2019 6:00;110;67;43
14.02.2019 7:00;697;387;310
14.02.2019 8:00;523;282;241
14.02.2019 9:00;461;282;179
14.02.2019 10:00;288;150;138
14.02.2019 11:00;393;173;220
14.02.2019 12:00;456;189;267
14.02.2019 13:00;596;249;347
14.02.2019 14:00;426;227;199
14.02.2019 15:00;657;319;338
14.02.2019 16:00;633;324;309
14.02.2019 17:00;702;313;389
14.02.2019 18:00;601;304;297
14.02.2019 19:00;355;166;189
14.02.2019 20:00;296;143;153
14.02.2019 21:00;177;83;94
14.02.2019 22:00;196;72;124
14.02.2019 23:00;109;36;73
15.02.2019 0:00;72;17;55
15.02.2019 1:00;41;5;36
15.02.2019 2:00;19;8;11
15.02.2019 3:00;6;4;2
15.02.2019 4:00;3;2;1
15.02.2019 5:00;28;20;8
15.02.2019 6:00;127;77;50
15.02.2019 7:00;628;389;239
15.02.2019 8:00;527;282;245
15.02.2019 9:00;426;272;154
15.02.2019 10:00;337;185;152
15.02.2019 11:00;428;204;224
15.02.2019 12:00;564;286;278
15.02.2019 13:00;691;233;458
15.02.2019 14:00;502;236;266
15.02.2019 15:00;543;233;310
15.02.2019 16:00;565;296;269
15.02.2019 17:00;600;300;300
15.02.2019 18:00;485;244;241
15.02.2019 19:00;430;219;211
15.02.2019 20:00;230;117;113
15.02.2019 21:00;158;86;72
15.02.2019 22:00;170;83;87
15.02.2019 23:00;164;64;100
16.02.2019 0:00;80;22;58
16.02.2019 1:00;69;13;56
16.02.2019 2:00;50;11;39
16.02.2019 3:00;63;12;51
16.02.2019 4:00;17;3;14
16.02.2019 5:00;20;9;11
16.02.2019 6:00;36;16;20
16.02.2019 7:00;57;31;26
16.02.2019 8:00;128;73;55
16.02.2019 9:00;196;118;78
16.02.2019 10:00;260;153;107
16.02.2019 11:00;332;167;165
16.02.2019 12:00;405;207;198
16.02.2019 13:00;376;188;188
16.02.2019 14:00;450;249;201
16.02.2019 15:00;396;180;216
16.02.2019 16:00;399;192;207
16.02.2019 17:00;414;196;218
16.02.2019 18:00;297;155;142
16.02.2019 19:00;307;193;114
16.02.2019 20:00;192;97;95
16.02.2019 21:00;144;54;90
16.02.2019 22:00;153;68;85
16.02.2019 23:00;133;34;99
17.02.2019 0:00;103;32;71
17.02.2019 1:00;67;16;51
17.02.2019 2:00;44;17;27
17.02.2019 3:00;32;7;25
17.02.2019 4:00;23;4;19
17.02.2019 5:00;14;11;3
17.02.2019 6:00;20;13;7
17.02.2019 7:00;22;15;7
17.02.2019 8:00;53;21;32
17.02.2019 9:00;124;57;67
17.02.2019 10:00;111;52;59
17.02.2019 11:00;170;65;105
17.02.2019 12:00;236;122;114
17.02.2019 13:00;268;109;159
17.02.2019 14:00;324;176;148
17.02.2019 15:00;329;171;158
17.02.2019 16:00;301;136;165
17.02.2019 17:00;327;155;172
17.02.2019 18:00;244;117;127
17.02.2019 19:00;175;93;82
17.02.2019 20:00;126;44;82
17.02.2019 21:00;85;28;57
17.02.2019 22:00;75;28;47
17.02.2019 23:00;38;16;22
18.02.2019 0:00;20;6;14
18.02.2019 1:00;13;11;2
18.02.2019 2:00;3;0;3
18.02.2019 3:00;4;3;1
18.02.2019 4:00;3;2;1
18.02.2019 5:00;36;27;9
18.02.2019 6:00;109;71;38
18.02.2019 7:00;709;412;297
18.02.2019 8:00;590;307;283
18.02.2019 9:00;411;245;166
18.02.2019 10:00;302;149;153
18.02.2019 11:00;333;157;176
18.02.2019 12:00;433;184;249
18.02.2019 13:00;607;247;360
18.02.2019 14:00;423;225;198
18.02.2019 15:00;710;353;357
18.02.2019 16:00;604;265;339
18.02.2019 17:00;721;325;396
18.02.2019 18:00;550;242;308
18.02.2019 19:00;452;220;232
18.02.2019 20:00;250;126;124
18.02.2019 21:00;160;77;83
18.02.2019 22:00;128;53;75
18.02.2019 23:00;69;24;45
19.02.2019 0:00;36;9;27
19.02.2019 1:00;20;14;6
19.02.2019 2:00;4;2;2
19.02.2019 3:00;4;2;2
19.02.2019 4:00;3;2;1
19.02.2019 5:00;27;17;10
19.02.2019 6:00;132;78;54
19.02.2019 7:00;699;432;267
19.02.2019 8:00;569;308;261
19.02.2019 9:00;443;240;203
19.02.2019 10:00;316;170;146
19.02.2019 11:00;361;175;186
19.02.2019 12:00;457;181;276
19.02.2019 13:00;632;264;368
19.02.2019 14:00;422;205;217
19.02.2019 15:00;691;348;343
19.02.2019 16:00;637;302;335
19.02.2019 17:00;741;334;407
19.02.2019 18:00;570;265;305
19.02.2019 19:00;475;214;261
19.02.2019 20:00;312;131;181
19.02.2019 21:00;185;64;121
19.02.2019 22:00;163;70;93
19.02.2019 23:00;137;48;89
20.02.2019 0:00;44;22;22
20.02.2019 1:00;25;10;15
20.02.2019 2:00;12;3;9
20.02.2019 3:00;5;1;4
20.02.2019 4:00;4;4;0
20.02.2019 5:00;25;13;12
20.02.2019 6:00;139;86;53
20.02.2019 7:00;717;425;292
20.02.2019 8:00;517;273;244
20.02.2019 9:00;436;264;172
20.02.2019 10:00;291;157;134
20.02.2019 11:00;389;184;205
20.02.2019 12:00;526;203;323
20.02.2019 13:00;597;259;338
20.02.2019 14:00;495;275;220
20.02.2019 15:00;546;283;263
20.02.2019 16:00;652;331;321
20.02.2019 17:00;721;310;411
20.02.2019 18:00;581;259;322
20.02.2019 19:00;432;192;240
20.02.2019 20:00;291;154;137
20.02.2019 21:00;193;84;109
20.02.2019 22:00;173;87;86
20.02.2019 23:00;94;33;61
21.02.2019 0:00;72;17;55
21.02.2019 1:00;18;1;17
21.02.2019 2:00;8;5;3
21.02.2019 3:00;3;2;1
21.02.2019 4:00;3;3;0
21.02.2019 5:00;29;19;10
21.02.2019 6:00;136;83;53
21.02.2019 7:00;714;427;287
21.02.2019 8:00;520;291;229
21.02.2019 9:00;427;269;158
21.02.2019 10:00;312;159;153
21.02.2019 11:00;368;156;212
21.02.2019 12:00;425;174;251
21.02.2019 13:00;637;243;394
21.02.2019 14:00;460;243;217
21.02.2019 15:00;625;336;289
21.02.2019 16:00;681;312;369
21.02.2019 17:00;756;314;442
21.02.2019 18:00;677;313;364
21.02.2019 19:00;433;212;221
21.02.2019 20:00;271;132;139
21.02.2019 21:00;227;89;138
21.02.2019 22:00;179;56;123
21.02.2019 23:00;88;33;55
22.02.2019 0:00;60;24;36
22.02.2019 1:00;36;17;19
22.02.2019 2:00;11;4;7
22.02.2019 3:00;5;2;3
22.02.2019 4:00;4;4;0
22.02.2019 5:00;26;16;10
22.02.2019 6:00;121;76;45
22.02.2019 7:00;640;396;244
22.02.2019 8:00;538;299;239
22.02.2019 9:00;450;272;178
22.02.2019 10:00;377;197;180
22.02.2019 11:00;400;178;222
22.02.2019 12:00;528;244;284
22.02.2019 13:00;667;251;416
22.02.2019 14:00;512;244;268
22.02.2019 15:00;494;235;259
22.02.2019 16:00;466;227;239
22.02.2019 17:00;493;214;279
22.02.2019 18:00;441;209;232
22.02.2019 19:00;358;169;189
22.02.2019 20:00;224;115;109
22.02.2019 21:00;181;94;87
22.02.2019 22:00;143;65;78
22.02.2019 23:00;98;26;72
23.02.2019 0:00;71;28;43
23.02.2019 1:00;73;25;48
23.02.2019 2:00;33;7;26
23.02.2019 3:00;26;6;20
23.02.2019 4:00;12;7;5
23.02.2019 5:00;20;14;6
23.02.2019 6:00;26;17;9
23.02.2019 7:00;57;28;29
23.02.2019 8:00;146;90;56
23.02.2019 9:00;253;142;111
23.02.2019 10:00;309;157;152
23.02.2019 11:00;356;187;169
23.02.2019 12:00;429;205;224
23.02.2019 13:00;451;205;246
23.02.2019 14:00;427;214;213
23.02.2019 15:00;400;195;205
23.02.2019 16:00;392;190;202
23.02.2019 17:00;429;208;221
23.02.2019 18:00;316;137;179
23.02.2019 19:00;241;122;119
23.02.2019 20:00;186;77;109
23.02.2019 21:00;142;71;71
23.02.2019 22:00;122;54;68
23.02.2019 23:00;120;66;54
24.02.2019 0:00;103;37;66
24.02.2019 1:00;65;37;28
24.02.2019 2:00;56;15;41
24.02.2019 3:00;36;13;23
24.02.2019 4:00;11;8;3
24.02.2019 5:00;14;7;7
24.02.2019 6:00;20;15;5
24.02.2019 7:00;22;9;13
24.02.2019 8:00;61;39;22
24.02.2019 9:00;142;87;55
24.02.2019 10:00;138;77;61
24.02.2019 11:00;186;80;106
24.02.2019 12:00;259;113;146
24.02.2019 13:00;288;151;137
24.02.2019 14:00;302;151;151
24.02.2019 15:00;343;160;183
24.02.2019 16:00;270;113;157
24.02.2019 17:00;314;154;160
24.02.2019 18:00;193;87;106
24.02.2019 19:00;153;83;70
24.02.2019 20:00;129;69;60
24.02.2019 21:00;76;31;45
24.02.2019 22:00;66;29;37
24.02.2019 23:00;41;15;26
25.02.2019 0:00;24;6;18
25.02.2019 1:00;15;6;9
25.02.2019 2:00;6;2;4
25.02.2019 3:00;3;2;1
25.02.2019 4:00;5;5;0
25.02.2019 5:00;31;18;13
25.02.2019 6:00;130;77;53
25.02.2019 7:00;741;447;294
25.02.2019 8:00;530;288;242
25.02.2019 9:00;380;229;151
25.02.2019 10:00;289;132;157
25.02.2019 11:00;395;172;223
25.02.2019 12:00;431;185;246
25.02.2019 13:00;607;228;379
25.02.2019 14:00;426;206;220
25.02.2019 15:00;717;380;337
25.02.2019 16:00;618;290;328
25.02.2019 17:00;742;326;416
25.02.2019 18:00;585;283;302
25.02.2019 19:00;421;208;213
25.02.2019 20:00;298;134;164
25.02.2019 21:00;150;62;88
25.02.2019 22:00;171;83;88
25.02.2019 23:00;64;33;31
26.02.2019 0:00;45;12;33
26.02.2019 1:00;37;14;23
26.02.2019 2:00;10;4;6
26.02.2019 3:00;7;1;6
26.02.2019 4:00;3;3;0
26.02.2019 5:00;38;23;15
26.02.2019 6:00;141;88;53
26.02.2019 7:00;667;395;272
26.02.2019 8:00;612;336;276
26.02.2019 9:00;450;277;173
26.02.2019 10:00;313;156;157
26.02.2019 11:00;440;201;239
26.02.2019 12:00;491;199;292
26.02.2019 13:00;620;262;358
26.02.2019 14:00;469;254;215
26.02.2019 15:00;669;329;340
26.02.2019 16:00;687;322;365
26.02.2019 17:00;766;387;379
26.02.2019 18:00;527;254;273
26.02.2019 19:00;512;242;270
26.02.2019 20:00;273;110;163
26.02.2019 21:00;165;67;98
26.02.2019 22:00;164;58;106
26.02.2019 23:00;78;47;31
27.02.2019 0:00;45;15;30
27.02.2019 1:00;19;9;10
27.02.2019 2:00;8;4;4
27.02.2019 3:00;7;2;5
27.02.2019 4:00;7;4;3
27.02.2019 5:00;32;17;15
27.02.2019 6:00;141;85;56
27.02.2019 7:00;744;429;315
27.02.2019 8:00;562;337;225
27.02.2019 9:00;464;266;198
27.02.2019 10:00;335;166;169
27.02.2019 11:00;397;186;211
27.02.2019 12:00;499;230;269
27.02.2019 13:00;677;302;375
27.02.2019 14:00;527;265;262
27.02.2019 15:00;645;298;347
27.02.2019 16:00;695;348;347
27.02.2019 17:00;799;398;401
27.02.2019 18:00;609;285;324
27.02.2019 19:00;577;357;220
27.02.2019 20:00;336;134;202
27.02.2019 21:00;286;83;203
27.02.2019 22:00;213;87;126
27.02.2019 23:00;123;52;71
28.02.2019 0:00;60;11;49
28.02.2019 1:00;43;5;38
28.02.2019 2:00;8;3;5
28.02.2019 3:00;5;2;3
28.02.2019 4:00;11;7;4
28.02.2019 5:00;34;18;16
28.02.2019 6:00;131;72;59
28.02.2019 7:00;431;255;176
28.02.2019 8:00;404;185;219
28.02.2019 9:00;371;160;211
28.02.2019 10:00;381;233;148
28.02.2019 11:00;353;220;133
28.02.2019 12:00;400;243;157
28.02.2019 13:00;319;156;163
28.02.2019 14:00;356;189;167
28.02.2019 15:00;366;172;194
28.02.2019 16:00;332;151;181
28.02.2019 17:00;389;204;185
28.02.2019 18:00;338;212;126
28.02.2019 19:00;244;150;94
28.02.2019 20:00;244;81;163
28.02.2019 21:00;192;70;122
28.02.2019 22:00;157;40;117
28.02.2019 23:00;137;25;112
01.03.2019 0:00;93;12;81
01.03.2019 1:00;53;4;49
01.03.2019 2:00;41;6;35
01.03.2019 3:00;25;4;21
01.03.2019 4:00;13;2;11
01.03.2019 5:00;31;15;16
01.03.2019 6:00;74;52;22
01.03.2019 7:00;170;84;86
01.03.2019 8:00;278;178;100
01.03.2019 9:00;159;103;56
01.03.2019 10:00;177;94;83
01.03.2019 11:00;234;112;122
01.03.2019 12:00;254;108;146
01.03.2019 13:00;296;131;165
01.03.2019 14:00;287;150;137
01.03.2019 15:00;275;125;150
01.03.2019 16:00;307;144;163
01.03.2019 17:00;322;135;187
01.03.2019 18:00;270;141;129
01.03.2019 19:00;221;108;113
01.03.2019 20:00;128;57;71
01.03.2019 21:00;117;46;71
01.03.2019 22:00;97;37;60
01.03.2019 23:00;58;19;39
02.03.2019 0:00;37;9;28
02.03.2019 1:00;22;8;14
02.03.2019 2:00;16;7;9
02.03.2019 3:00;12;2;10
02.03.2019 4:00;6;3;3
02.03.2019 5:00;17;11;6
02.03.2019 6:00;22;12;10
02.03.2019 7:00;44;26;18
02.03.2019 8:00;123;65;58
02.03.2019 9:00;197;103;94
02.03.2019 10:00;295;179;116
02.03.2019 11:00;321;183;138
02.03.2019 12:00;321;147;174
02.03.2019 13:00;272;144;128
02.03.2019 14:00;317;140;177
02.03.2019 15:00;309;138;171
02.03.2019 16:00;271;119;152
02.03.2019 17:00;277;131;146
02.03.2019 18:00;341;167;174
02.03.2019 19:00;235;135;100
02.03.2019 20:00;154;94;60
02.03.2019 21:00;119;65;54
02.03.2019 22:00;115;55;60
02.03.2019 23:00;86;39;47
03.03.2019 0:00;75;24;51
03.03.2019 1:00;77;15;62
03.03.2019 2:00;47;4;43
03.03.2019 3:00;69;8;61
03.03.2019 4:00;15;3;12
03.03.2019 5:00;18;7;11
03.03.2019 6:00;22;14;8
03.03.2019 7:00;15;8;7
03.03.2019 8:00;56;23;33
03.03.2019 9:00;119;60;59
03.03.2019 10:00;140;75;65
03.03.2019 11:00;215;120;95
03.03.2019 12:00;426;319;107
03.03.2019 13:00;285;214;71
03.03.2019 14:00;235;117;118
03.03.2019 15:00;313;104;209
03.03.2019 16:00;389;108;281
03.03.2019 17:00;263;105;158
03.03.2019 18:00;187;74;113
03.03.2019 19:00;157;77;80
03.03.2019 20:00;115;60;55
03.03.2019 21:00;86;38;48
03.03.2019 22:00;63;21;42
03.03.2019 23:00;34;12;22
04.03.2019 0:00;22;11;11
04.03.2019 1:00;26;4;22
04.03.2019 2:00;8;0;8
04.03.2019 3:00;6;1;5
04.03.2019 4:00;4;4;0
04.03.2019 5:00;25;13;12
04.03.2019 6:00;101;74;27
04.03.2019 7:00;211;116;95
04.03.2019 8:00;328;173;155
04.03.2019 9:00;226;108;118
04.03.2019 10:00;218;126;92
04.03.2019 11:00;208;105;103
04.03.2019 12:00;206;87;119
04.03.2019 13:00;203;95;108
04.03.2019 14:00;177;93;84
04.03.2019 15:00;205;87;118
04.03.2019 16:00;265;130;135
04.03.2019 17:00;373;187;186
04.03.2019 18:00;289;160;129
04.03.2019 19:00;202;93;109
04.03.2019 20:00;163;95;68
04.03.2019 21:00;109;52;57
04.03.2019 22:00;66;31;35
04.03.2019 23:00;61;17;44
05.03.2019 0:00;28;8;20
05.03.2019 1:00;19;2;17
05.03.2019 2:00;23;4;19
05.03.2019 3:00;13;2;11
05.03.2019 4:00;6;3;3
05.03.2019 5:00;31;18;13
05.03.2019 6:00;109;79;30
05.03.2019 7:00;245;130;115
05.03.2019 8:00;404;202;202
05.03.2019 9:00;378;236;142
05.03.2019 10:00;259;144;115
05.03.2019 11:00;301;150;151
05.03.2019 12:00;317;142;175
05.03.2019 13:00;318;138;180
05.03.2019 14:00;314;164;150
05.03.2019 15:00;329;143;186
05.03.2019 16:00;428;207;221
05.03.2019 17:00;512;257;255
05.03.2019 18:00;464;227;237
05.03.2019 19:00;318;137;181
05.03.2019 20:00;197;72;125
05.03.2019 21:00;138;56;82
05.03.2019 22:00;103;43;60
05.03.2019 23:00;63;15;48
06.03.2019 0:00;33;10;23
06.03.2019 1:00;13;7;6
06.03.2019 2:00;5;1;4
06.03.2019 3:00;5;2;3
06.03.2019 4:00;3;3;0
06.03.2019 5:00;39;19;20
06.03.2019 6:00;123;77;46
06.03.2019 7:00;287;148;139
06.03.2019 8:00;462;279;183
06.03.2019 9:00;353;198;155
06.03.2019 10:00;301;152;149
06.03.2019 11:00;291;143;148
06.03.2019 12:00;339;157;182
06.03.2019 13:00;338;162;176
06.03.2019 14:00;373;178;195
06.03.2019 15:00;392;190;202
06.03.2019 16:00;493;233;260
06.03.2019 17:00;550;257;293
06.03.2019 18:00;499;237;262
06.03.2019 19:00;342;154;188
06.03.2019 20:00;213;91;122
06.03.2019 21:00;182;67;115
06.03.2019 22:00;134;62;72
06.03.2019 23:00;83;24;59
07.03.2019 0:00;44;11;33
07.03.2019 1:00;13;3;10
07.03.2019 2:00;7;4;3
07.03.2019 3:00;8;3;5
07.03.2019 4:00;5;2;3
07.03.2019 5:00;38;25;13
07.03.2019 6:00;126;87;39
07.03.2019 7:00;253;135;118
07.03.2019 8:00;341;193;148
07.03.2019 9:00;226;137;89
07.03.2019 10:00;191;112;79
07.03.2019 11:00;219;116;103
07.03.2019 12:00;250;121;129
07.03.2019 13:00;311;150;161
07.03.2019 14:00;295;132;163
07.03.2019 15:00;328;179;149
07.03.2019 16:00;405;200;205
07.03.2019 17:00;491;241;250
07.03.2019 18:00;443;192;251
07.03.2019 19:00;346;156;190
07.03.2019 20:00;189;80;109
07.03.2019 21:00;118;52;66
07.03.2019 22:00;128;37;91
07.03.2019 23:00;101;25;76
08.03.2019 0:00;42;13;29
08.03.2019 1:00;30;11;19
08.03.2019 2:00;10;4;6
08.03.2019 3:00;1;0;1
08.03.2019 4:00;5;3;2
08.03.2019 5:00;36;21;15
08.03.2019 6:00;111;71;40
08.03.2019 7:00;260;121;139
08.03.2019 8:00;416;236;180
08.03.2019 9:00;374;236;138
08.03.2019 10:00;316;176;140
08.03.2019 11:00;359;197;162
08.03.2019 12:00;347;147;200
08.03.2019 13:00;403;185;218
08.03.2019 14:00;452;220;232
08.03.2019 15:00;399;205;194
08.03.2019 16:00;456;214;242
08.03.2019 17:00;420;179;241
08.03.2019 18:00;422;184;238
08.03.2019 19:00;341;187;154
08.03.2019 20:00;206;110;96
08.03.2019 21:00;174;94;80
08.03.2019 22:00;126;32;94
08.03.2019 23:00;118;33;85
09.03.2019 0:00;85;25;60
09.03.2019 1:00;50;18;32
09.03.2019 2:00;32;15;17
09.03.2019 3:00;18;5;13
09.03.2019 4:00;5;3;2
09.03.2019 5:00;26;16;10
09.03.2019 6:00;37;22;15
09.03.2019 7:00;36;19;17
09.03.2019 8:00;90;53;37
09.03.2019 9:00;197;132;65
09.03.2019 10:00;247;130;117
09.03.2019 11:00;292;157;135
09.03.2019 12:00;290;136;154
09.03.2019 13:00;300;145;155
09.03.2019 14:00;326;175;151
09.03.2019 15:00;297;149;148
09.03.2019 16:00;248;110;138
09.03.2019 17:00;261;122;139
09.03.2019 18:00;205;94;111
09.03.2019 19:00;199;116;83
09.03.2019 20:00;169;62;107
09.03.2019 21:00;152;63;89
09.03.2019 22:00;113;38;75
09.03.2019 23:00;96;32;64
10.03.2019 0:00;89;20;69
10.03.2019 1:00;61;25;36
10.03.2019 2:00;48;22;26
10.03.2019 3:00;34;14;20
10.03.2019 4:00;12;5;7
10.03.2019 5:00;11;6;5
10.03.2019 6:00;21;18;3
10.03.2019 7:00;22;13;9
10.03.2019 8:00;40;29;11
10.03.2019 9:00;49;28;21
10.03.2019 10:00;35;20;15
10.03.2019 11:00;74;31;43
10.03.2019 12:00;69;32;37
10.03.2019 13:00;113;40;73
10.03.2019 14:00;114;53;61
10.03.2019 15:00;97;40;57
10.03.2019 16:00;141;83;58
10.03.2019 17:00;118;68;50
10.03.2019 18:00;134;72;62
10.03.2019 19:00;114;56;58
10.03.2019 20:00;77;31;46
10.03.2019 21:00;66;28;38
10.03.2019 22:00;52;19;33
10.03.2019 23:00;32;15;17
11.03.2019 0:00;11;5;6
11.03.2019 1:00;7;7;0
11.03.2019 2:00;6;1;5
11.03.2019 3:00;1;1;0
11.03.2019 4:00;5;4;1
11.03.2019 5:00;24;15;9
11.03.2019 6:00;113;73;40
11.03.2019 7:00;715;458;257
11.03.2019 8:00;501;306;195
11.03.2019 9:00;252;143;109
11.03.2019 10:00;227;121;106
11.03.2019 11:00;243;105;138
11.03.2019 12:00;290;123;167
11.03.2019 13:00;474;175;299
11.03.2019 14:00;289;132;157
11.03.2019 15:00;536;268;268
11.03.2019 16:00;437;191;246
11.03.2019 17:00;546;244;302
11.03.2019 18:00;432;210;222
11.03.2019 19:00;311;149;162
11.03.2019 20:00;212;107;105
11.03.2019 21:00;157;60;97
11.03.2019 22:00;107;46;61
11.03.2019 23:00;54;15;39
12.03.2019 0:00;25;10;15
12.03.2019 1:00;3;1;2
12.03.2019 2:00;2;1;1
12.03.2019 3:00;8;2;6
12.03.2019 4:00;14;11;3
12.03.2019 5:00;25;17;8
12.03.2019 6:00;131;85;46
12.03.2019 7:00;711;448;263
12.03.2019 8:00;590;319;271
12.03.2019 9:00;442;270;172
12.03.2019 10:00;298;153;145
12.03.2019 11:00;366;170;196
12.03.2019 12:00;466;203;263
12.03.2019 13:00;628;237;391
12.03.2019 14:00;423;204;219
12.03.2019 15:00;693;347;346
12.03.2019 16:00;615;292;323
12.03.2019 17:00;740;349;391
12.03.2019 18:00;615;275;340
12.03.2019 19:00;470;238;232
12.03.2019 20:00;237;107;130
12.03.2019 21:00;193;74;119
12.03.2019 22:00;171;45;126
12.03.2019 23:00;98;36;62
13.03.2019 0:00;31;9;22
13.03.2019 1:00;16;8;8
13.03.2019 2:00;3;2;1
13.03.2019 3:00;5;5;0
13.03.2019 4:00;4;3;1
13.03.2019 5:00;30;18;12
13.03.2019 6:00;106;67;39
13.03.2019 7:00;776;459;317
13.03.2019 8:00;557;333;224
13.03.2019 9:00;381;243;138
13.03.2019 10:00;251;142;109
13.03.2019 11:00;312;159;153
13.03.2019 12:00;433;220;213
13.03.2019 13:00;612;210;402
13.03.2019 14:00;418;185;233
13.03.2019 15:00;587;271;316
13.03.2019 16:00;527;267;260
13.03.2019 17:00;630;287;343
13.03.2019 18:00;521;240;281
13.03.2019 19:00;375;188;187
13.03.2019 20:00;340;172;168
13.03.2019 21:00;171;75;96
13.03.2019 22:00;141;50;91
13.03.2019 23:00;147;49;98
14.03.2019 0:00;50;15;35
14.03.2019 1:00;11;2;9
14.03.2019 2:00;8;2;6
14.03.2019 3:00;7;3;4
14.03.2019 4:00;4;3;1
14.03.2019 5:00;28;18;10
14.03.2019 6:00;112;67;45
14.03.2019 7:00;685;420;265
14.03.2019 8:00;508;294;214
14.03.2019 9:00;342;201;141
14.03.2019 10:00;238;131;107
14.03.2019 11:00;269;119;150
14.03.2019 12:00;354;159;195
14.03.2019 13:00;445;155;290
14.03.2019 14:00;257;118;139
14.03.2019 15:00;430;191;239
14.03.2019 16:00;315;147;168
14.03.2019 17:00;445;195;250
14.03.2019 18:00;358;160;198
14.03.2019 19:00;224;105;119
14.03.2019 20:00;149;64;85
14.03.2019 21:00;103;52;51
14.03.2019 22:00;112;39;73
14.03.2019 23:00;50;20;30
15.03.2019 0:00;25;9;16
15.03.2019 1:00;10;4;6
15.03.2019 2:00;9;5;4
15.03.2019 3:00;5;2;3
15.03.2019 4:00;3;1;2
15.03.2019 5:00;30;23;7
15.03.2019 6:00;109;63;46
15.03.2019 7:00;553;347;206
15.03.2019 8:00;389;230;159
15.03.2019 9:00;289;170;119
15.03.2019 10:00;196;105;91
15.03.2019 11:00;220;107;113
15.03.2019 12:00;349;146;203
15.03.2019 13:00;510;167;343
15.03.2019 14:00;309;146;163
15.03.2019 15:00;353;156;197
15.03.2019 16:00;332;135;197
15.03.2019 17:00;364;176;188
15.03.2019 18:00;279;139;140
15.03.2019 19:00;248;121;127
15.03.2019 20:00;189;102;87
15.03.2019 21:00;150;70;80
15.03.2019 22:00;119;42;77
15.03.2019 23:00;95;31;64
16.03.2019 0:00;63;21;42
16.03.2019 1:00;56;15;41
16.03.2019 2:00;52;19;33
16.03.2019 3:00;16;8;8
16.03.2019 4:00;25;12;13
16.03.2019 5:00;15;11;4
16.03.2019 6:00;26;15;11
16.03.2019 7:00;57;32;25
16.03.2019 8:00;142;81;61
16.03.2019 9:00;269;147;122
16.03.2019 10:00;324;182;142
16.03.2019 11:00;398;221;177
16.03.2019 12:00;451;256;195
16.03.2019 13:00;385;209;176
16.03.2019 14:00;411;188;223
16.03.2019 15:00;427;208;219
16.03.2019 16:00;486;241;245
16.03.2019 17:00;452;230;222
16.03.2019 18:00;401;179;222
16.03.2019 19:00;263;145;118
16.03.2019 20:00;209;97;112
16.03.2019 21:00;158;82;76
16.03.2019 22:00;145;54;91
16.03.2019 23:00;101;28;73
17.03.2019 0:00;97;25;72
17.03.2019 1:00;79;30;49
17.03.2019 2:00;43;18;25
17.03.2019 3:00;27;14;13
17.03.2019 4:00;21;7;14
17.03.2019 5:00;21;14;7
17.03.2019 6:00;21;12;9
17.03.2019 7:00;25;10;15
17.03.2019 8:00;68;28;40
17.03.2019 9:00;166;94;72
17.03.2019 10:00;220;106;114
17.03.2019 11:00;290;134;156
17.03.2019 12:00;259;121;138
17.03.2019 13:00;248;115;133
17.03.2019 14:00;277;138;139
17.03.2019 15:00;266;133;133
17.03.2019 16:00;228;113;115
17.03.2019 17:00;180;91;89
17.03.2019 18:00;159;86;73
17.03.2019 19:00;116;66;50
17.03.2019 20:00;97;38;59
17.03.2019 21:00;63;26;37
17.03.2019 22:00;74;30;44
17.03.2019 23:00;30;11;19
18.03.2019 0:00;15;8;7
18.03.2019 1:00;7;1;6
18.03.2019 2:00;5;3;2
18.03.2019 3:00;2;1;1
18.03.2019 4:00;6;4;2
18.03.2019 5:00;40;25;15
18.03.2019 6:00;128;83;45
18.03.2019 7:00;699;442;257
18.03.2019 8:00;594;353;241
18.03.2019 9:00;487;314;173
18.03.2019 10:00;291;169;122
18.03.2019 11:00;424;221;203
18.03.2019 12:00;436;176;260
18.03.2019 13:00;673;258;415
18.03.2019 14:00;472;208;264
18.03.2019 15:00;657;319;338
18.03.2019 16:00;577;273;304
18.03.2019 17:00;694;302;392
18.03.2019 18:00;587;254;333
18.03.2019 19:00;451;214;237
18.03.2019 20:00;248;113;135
18.03.2019 21:00;155;61;94
18.03.2019 22:00;132;40;92
18.03.2019 23:00;83;29;54
19.03.2019 0:00;36;10;26
19.03.2019 1:00;23;8;15
19.03.2019 2:00;13;8;5
19.03.2019 3:00;5;4;1
19.03.2019 4:00;11;9;2
19.03.2019 5:00;31;22;9
19.03.2019 6:00;148;104;44
19.03.2019 7:00;904;629;275
19.03.2019 8:00;636;337;299
19.03.2019 9:00;602;384;218
19.03.2019 10:00;316;162;154
19.03.2019 11:00;514;255;259
19.03.2019 12:00;507;195;312
19.03.2019 13:00;755;316;439
19.03.2019 14:00;478;240;238
19.03.2019 15:00;785;364;421
19.03.2019 16:00;638;270;368
19.03.2019 17:00;887;383;504
19.03.2019 18:00;625;278;347
19.03.2019 19:00;547;255;292
19.03.2019 20:00;279;121;158
19.03.2019 21:00;223;66;157
19.03.2019 22:00;240;83;157
19.03.2019 23:00;76;25;51
20.03.2019 0:00;43;15;28
20.03.2019 1:00;33;9;24
20.03.2019 2:00;4;1;3
20.03.2019 3:00;5;1;4
20.03.2019 4:00;8;5;3
20.03.2019 5:00;37;22;15
20.03.2019 6:00;148;94;54
20.03.2019 7:00;1084;736;348
20.03.2019 8:00;621;400;221
20.03.2019 9:00;550;363;187
20.03.2019 10:00;326;151;175
20.03.2019 11:00;500;183;317
20.03.2019 12:00;552;232;320
20.03.2019 13:00;875;449;426
20.03.2019 14:00;535;244;291
20.03.2019 15:00;683;313;370
20.03.2019 16:00;657;284;373
20.03.2019 17:00;940;383;557
20.03.2019 18:00;706;334;372
20.03.2019 19:00;514;233;281
20.03.2019 20:00;320;132;188
20.03.2019 21:00;245;111;134
20.03.2019 22:00;189;75;114
20.03.2019 23:00;101;42;59
21.03.2019 0:00;59;17;42
21.03.2019 1:00;31;6;25
21.03.2019 2:00;16;9;7
21.03.2019 3:00;10;7;3
21.03.2019 4:00;4;4;0
21.03.2019 5:00;43;27;16
21.03.2019 6:00;131;81;50
21.03.2019 7:00;944;621;323
21.03.2019 8:00;600;348;252
21.03.2019 9:00;598;402;196
21.03.2019 10:00;350;181;169
21.03.2019 11:00;588;293;295
21.03.2019 12:00;519;231;288
21.03.2019 13:00;825;326;499
21.03.2019 14:00;556;257;299
21.03.2019 15:00;845;416;429
21.03.2019 16:00;723;330;393
21.03.2019 17:00;936;372;564
21.03.2019 18:00;773;361;412
21.03.2019 19:00;467;214;253
21.03.2019 20:00;331;166;165
21.03.2019 21:00;227;87;140
21.03.2019 22:00;231;75;156
21.03.2019 23:00;98;35;63
22.03.2019 0:00;54;11;43
22.03.2019 1:00;32;12;20
22.03.2019 2:00;18;8;10
22.03.2019 3:00;7;4;3
22.03.2019 4:00;13;11;2
22.03.2019 5:00;38;25;13
22.03.2019 6:00;141;85;56
22.03.2019 7:00;799;519;280
22.03.2019 8:00;588;342;246
22.03.2019 9:00;563;353;210
22.03.2019 10:00;438;247;191
22.03.2019 11:00;516;238;278
22.03.2019 12:00;654;267;387
22.03.2019 13:00;843;320;523
22.03.2019 14:00;540;234;306
22.03.2019 15:00;571;270;301
22.03.2019 16:00;611;302;309
22.03.2019 17:00;708;330;378
22.03.2019 18:00;554;257;297
22.03.2019 19:00;464;228;236
22.03.2019 20:00;280;133;147
22.03.2019 21:00;205;96;109
22.03.2019 22:00;175;64;111
22.03.2019 23:00;150;46;104
23.03.2019 0:00;93;30;63
23.03.2019 1:00;80;27;53
23.03.2019 2:00;47;22;25
23.03.2019 3:00;28;9;19
23.03.2019 4:00;14;10;4
23.03.2019 5:00;21;14;7
23.03.2019 6:00;37;23;14
23.03.2019 7:00;67;40;27
23.03.2019 8:00;188;130;58
23.03.2019 9:00;302;178;124
23.03.2019 10:00;390;210;180
23.03.2019 11:00;526;265;261
23.03.2019 12:00;584;314;270
23.03.2019 13:00;537;257;280
23.03.2019 14:00;573;288;285
23.03.2019 15:00;500;277;223
23.03.2019 16:00;492;223;269
23.03.2019 17:00;540;256;284
23.03.2019 18:00;459;209;250
23.03.2019 19:00;358;168;190
23.03.2019 20:00;241;138;103
23.03.2019 21:00;189;87;102
23.03.2019 22:00;172;56;116
23.03.2019 23:00;125;51;74
24.03.2019 0:00;110;41;69
24.03.2019 1:00;79;31;48
24.03.2019 2:00;52;17;35
24.03.2019 3:00;25;6;19
24.03.2019 4:00;17;7;10
24.03.2019 5:00;9;4;5
24.03.2019 6:00;15;11;4
24.03.2019 7:00;38;18;20
24.03.2019 8:00;78;44;34
24.03.2019 9:00;168;89;79
24.03.2019 10:00;225;109;116
24.03.2019 11:00;310;159;151
24.03.2019 12:00;344;158;186
24.03.2019 13:00;422;199;223
24.03.2019 14:00;438;206;232
24.03.2019 15:00;541;279;262
24.03.2019 16:00;525;281;244
24.03.2019 17:00;551;300;251
24.03.2019 18:00;338;200;138
24.03.2019 19:00;231;116;115
24.03.2019 20:00;200;61;139
24.03.2019 21:00;90;50;40
24.03.2019 22:00;85;27;58
24.03.2019 23:00;56;16;40
25.03.2019 0:00;17;10;7
25.03.2019 1:00;9;4;5
25.03.2019 2:00;6;2;4
25.03.2019 3:00;2;0;2
25.03.2019 4:00;4;4;0
25.03.2019 5:00;37;22;15
25.03.2019 6:00;156;104;52
25.03.2019 7:00;964;645;319
25.03.2019 8:00;573;330;243
25.03.2019 9:00;571;387;184
25.03.2019 10:00;344;186;158
25.03.2019 11:00;525;244;281
25.03.2019 12:00;493;219;274
25.03.2019 13:00;813;310;503
25.03.2019 14:00;468;221;247
25.03.2019 15:00;752;378;374
25.03.2019 16:00;651;298;353
25.03.2019 17:00;819;351;468
25.03.2019 18:00;666;277;389
25.03.2019 19:00;489;242;247
25.03.2019 20:00;292;127;165
25.03.2019 21:00;200;92;108
25.03.2019 22:00;145;50;95
25.03.2019 23:00;88;25;63
26.03.2019 0:00;51;21;30
26.03.2019 1:00;18;5;13
26.03.2019 2:00;6;3;3
26.03.2019 3:00;2;0;2
26.03.2019 4:00;6;5;1
26.03.2019 5:00;34;21;13
26.03.2019 6:00;152;95;57
26.03.2019 7:00;1030;722;308
26.03.2019 8:00;655;379;276
26.03.2019 9:00;656;427;229
26.03.2019 10:00;372;221;151
26.03.2019 11:00;527;236;291
26.03.2019 12:00;498;215;283
26.03.2019 13:00;823;358;465
26.03.2019 14:00;440;214;226
26.03.2019 15:00;876;376;500
26.03.2019 16:00;647;297;350
26.03.2019 17:00;925;371;554
26.03.2019 18:00;706;331;375
26.03.2019 19:00;624;289;335
26.03.2019 20:00;305;137;168
26.03.2019 21:00;236;82;154
26.03.2019 22:00;189;71;118
26.03.2019 23:00;98;33;65
27.03.2019 0:00;46;15;31
27.03.2019 1:00;15;6;9
27.03.2019 2:00;15;10;5
27.03.2019 3:00;5;2;3
27.03.2019 4:00;4;3;1
27.03.2019 5:00;48;24;24
27.03.2019 6:00;148;101;47
27.03.2019 7:00;1098;762;336
27.03.2019 8:00;646;398;248
27.03.2019 9:00;556;344;212
27.03.2019 10:00;365;194;171
27.03.2019 11:00;577;237;340
27.03.2019 12:00;550;235;315
27.03.2019 13:00;867;438;429
27.03.2019 14:00;556;249;307
27.03.2019 15:00;788;346;442
27.03.2019 16:00;698;330;368
27.03.2019 17:00;898;395;503
27.03.2019 18:00;754;312;442
27.03.2019 19:00;574;248;326
27.03.2019 20:00;427;181;246
27.03.2019 21:00;257;115;142
27.03.2019 22:00;233;100;133
27.03.2019 23:00;100;39;61
28.03.2019 0:00;57;6;51
28.03.2019 1:00;32;11;21
28.03.2019 2:00;6;4;2
28.03.2019 3:00;8;5;3
28.03.2019 4:00;4;4;0
28.03.2019 5:00;32;21;11
28.03.2019 6:00;138;89;49
28.03.2019 7:00;926;640;286
28.03.2019 8:00;684;409;275
28.03.2019 9:00;655;426;229
28.03.2019 10:00;403;217;186
28.03.2019 11:00;567;282;285
28.03.2019 12:00;558;221;337
28.03.2019 13:00;817;323;494
28.03.2019 14:00;528;237;291
28.03.2019 15:00;923;410;513
28.03.2019 16:00;794;362;432
28.03.2019 17:00;996;404;592
28.03.2019 18:00;808;359;449
28.03.2019 19:00;518;231;287
28.03.2019 20:00;376;169;207
28.03.2019 21:00;248;116;132
28.03.2019 22:00;235;80;155
28.03.2019 23:00;143;61;82
29.03.2019 0:00;73;23;50
29.03.2019 1:00;47;20;27
29.03.2019 2:00;10;6;4
29.03.2019 3:00;12;6;6
29.03.2019 4:00;14;10;4
29.03.2019 5:00;44;26;18
29.03.2019 6:00;138;91;47
29.03.2019 7:00;880;593;287
29.03.2019 8:00;634;393;241
29.03.2019 9:00;564;357;207
29.03.2019 10:00;451;262;189
29.03.2019 11:00;565;246;319
29.03.2019 12:00;694;298;396
29.03.2019 13:00;885;392;493
29.03.2019 14:00;671;336;335
29.03.2019 15:00;707;307;400
29.03.2019 16:00;671;342;329
29.03.2019 17:00;712;304;408
29.03.2019 18:00;580;242;338
29.03.2019 19:00;465;186;279
29.03.2019 20:00;325;141;184
29.03.2019 21:00;212;115;97
29.03.2019 22:00;220;99;121
29.03.2019 23:00;133;35;98
30.03.2019 0:00;91;33;58
30.03.2019 1:00;101;29;72
30.03.2019 2:00;42;21;21
30.03.2019 3:00;15;4;11
30.03.2019 4:00;19;12;7
30.03.2019 5:00;15;11;4
30.03.2019 6:00;44;25;19
30.03.2019 7:00;97;57;40
30.03.2019 8:00;175;84;91
30.03.2019 9:00;398;233;165
30.03.2019 10:00;444;248;196
30.03.2019 11:00;604;320;284
30.03.2019 12:00;588;296;292
30.03.2019 13:00;574;278;296
30.03.2019 14:00;612;298;314
30.03.2019 15:00;607;276;331
30.03.2019 16:00;575;290;285
30.03.2019 17:00;657;332;325
30.03.2019 18:00;504;243;261
30.03.2019 19:00;460;274;186
30.03.2019 20:00;282;137;145
30.03.2019 21:00;229;99;130
30.03.2019 22:00;222;66;156
30.03.2019 23:00;193;61;132
31.03.2019 0:00;156;39;117
31.03.2019 1:00;101;45;56
31.03.2019 3:00;79;24;55
31.03.2019 4:00;36;10;26
31.03.2019 5:00;43;20;23
31.03.2019 6:00;32;16;16
31.03.2019 7:00;44;21;23
31.03.2019 8:00;68;41;27
31.03.2019 9:00;171;105;66
31.03.2019 10:00;226;114;112
31.03.2019 11:00;342;160;182
31.03.2019 12:00;373;174;199
31.03.2019 13:00;475;211;264
31.03.2019 14:00;507;252;255
31.03.2019 15:00;502;242;260
31.03.2019 16:00;469;281;188
31.03.2019 17:00;580;277;303
31.03.2019 18:00;464;246;218
31.03.2019 19:00;331;172;159
31.03.2019 20:00;231;107;124
31.03.2019 21:00;148;47;101
31.03.2019 22:00;104;44;60
31.03.2019 23:00;61;20;41
01.04.2019 0:00;17;5;12
01.04.2019 1:00;15;7;8
01.04.2019 2:00;8;4;4
01.04.2019 3:00;2;2;0
01.04.2019 4:00;9;1;8
01.04.2019 5:00;35;21;14
01.04.2019 6:00;147;96;51
01.04.2019 7:00;970;666;304
01.04.2019 8:00;664;377;287
01.04.2019 9:00;605;398;207
01.04.2019 10:00;374;206;168
01.04.2019 11:00;562;293;269
01.04.2019 12:00;569;255;314
01.04.2019 13:00;895;343;552
01.04.2019 14:00;599;318;281
01.04.2019 15:00;941;418;523
01.04.2019 16:00;788;355;433
01.04.2019 17:00;1054;433;621
01.04.2019 18:00;835;383;452
01.04.2019 19:00;693;297;396
01.04.2019 20:00;436;203;233
01.04.2019 21:00;272;113;159
01.04.2019 22:00;217;104;113
01.04.2019 23:00;108;29;79
02.04.2019 0:00;47;16;31
02.04.2019 1:00;37;11;26
02.04.2019 2:00;11;6;5
02.04.2019 3:00;13;11;2
02.04.2019 4:00;5;2;3
02.04.2019 5:00;37;24;13
02.04.2019 6:00;155;97;58
02.04.2019 7:00;1070;764;306
02.04.2019 8:00;789;442;347
02.04.2019 9:00;753;508;245
02.04.2019 10:00;429;239;190
02.04.2019 11:00;613;271;342
02.04.2019 12:00;660;277;383
02.04.2019 13:00;1030;475;555
02.04.2019 14:00;563;289;274
02.04.2019 15:00;963;410;553
02.04.2019 16:00;897;434;463
02.04.2019 17:00;1071;439;632
02.04.2019 18:00;823;360;463
02.04.2019 19:00;769;322;447
02.04.2019 20:00;411;171;240
02.04.2019 21:00;289;122;167
02.04.2019 22:00;213;70;143
02.04.2019 23:00;115;50;65
03.04.2019 0:00;45;16;29
03.04.2019 1:00;25;9;16
03.04.2019 2:00;7;3;4
03.04.2019 3:00;11;6;5
03.04.2019 4:00;5;4;1
03.04.2019 5:00;50;35;15
03.04.2019 6:00;151;95;56
03.04.2019 7:00;1134;780;354
03.04.2019 8:00;698;437;261
03.04.2019 9:00;675;446;229
03.04.2019 10:00;433;232;201
03.04.2019 11:00;585;276;309
03.04.2019 12:00;694;299;395
03.04.2019 13:00;1033;476;557
03.04.2019 14:00;637;317;320
03.04.2019 15:00;802;355;447
03.04.2019 16:00;791;373;418
03.04.2019 17:00;1050;427;623
03.04.2019 18:00;692;290;402
03.04.2019 19:00;620;246;374
03.04.2019 20:00;386;175;211
03.04.2019 21:00;262;127;135
03.04.2019 22:00;197;79;118
03.04.2019 23:00;130;52;78
04.04.2019 0:00;86;20;66
04.04.2019 1:00;43;10;33
04.04.2019 2:00;19;7;12
04.04.2019 3:00;8;1;7
04.04.2019 4:00;5;2;3
04.04.2019 5:00;37;26;11
04.04.2019 6:00;129;68;61
04.04.2019 7:00;884;611;273
04.04.2019 8:00;572;353;219
04.04.2019 9:00;471;309;162
04.04.2019 10:00;213;115;98
04.04.2019 11:00;394;194;200
04.04.2019 12:00;338;124;214
04.04.2019 13:00;574;241;333
04.04.2019 14:00;311;145;166
04.04.2019 15:00;597;241;356
04.04.2019 16:00;448;219;229
04.04.2019 17:00;599;241;358
04.04.2019 18:00;515;245;270
04.04.2019 19:00;393;174;219
04.04.2019 20:00;249;106;143
04.04.2019 21:00;153;62;91
04.04.2019 22:00;151;69;82
04.04.2019 23:00;100;46;54
05.04.2019 0:00;53;13;40
05.04.2019 1:00;28;3;25
05.04.2019 2:00;10;2;8
05.04.2019 3:00;6;3;3
05.04.2019 4:00;2;2;0
05.04.2019 5:00;23;19;4
05.04.2019 6:00;110;71;39
05.04.2019 7:00;768;506;262
05.04.2019 8:00;624;396;228
05.04.2019 9:00;520;354;166
05.04.2019 10:00;374;202;172
05.04.2019 11:00;529;251;278
05.04.2019 12:00;633;275;358
05.04.2019 13:00;833;272;561
05.04.2019 14:00;544;259;285
05.04.2019 15:00;559;257;302
05.04.2019 16:00;603;302;301
05.04.2019 17:00;639;267;372
05.04.2019 18:00;567;249;318
05.04.2019 19:00;419;205;214
05.04.2019 20:00;348;173;175
05.04.2019 21:00;225;110;115
05.04.2019 22:00;186;78;108
05.04.2019 23:00;190;59;131
06.04.2019 0:00;125;41;84
06.04.2019 1:00;89;18;71
06.04.2019 2:00;36;12;24
06.04.2019 3:00;30;19;11
06.04.2019 4:00;12;10;2
06.04.2019 5:00;22;12;10
06.04.2019 6:00;41;27;14
06.04.2019 7:00;78;44;34
06.04.2019 8:00;183;119;64
06.04.2019 9:00;335;204;131
06.04.2019 10:00;350;180;170
06.04.2019 11:00;412;195;217
06.04.2019 12:00;448;230;218
06.04.2019 13:00;518;275;243
06.04.2019 14:00;624;317;307
06.04.2019 15:00;540;271;269
06.04.2019 16:00;575;251;324
06.04.2019 17:00;549;247;302
06.04.2019 18:00;490;212;278
06.04.2019 19:00;310;141;169
06.04.2019 20:00;318;157;161
06.04.2019 21:00;206;95;111
06.04.2019 22:00;160;79;81
06.04.2019 23:00;150;49;101
07.04.2019 0:00;136;45;91
07.04.2019 1:00;109;45;64
07.04.2019 2:00;67;27;40
07.04.2019 3:00;42;11;31
07.04.2019 4:00;18;10;8
07.04.2019 5:00;18;13;5
07.04.2019 6:00;24;13;11
07.04.2019 7:00;25;14;11
07.04.2019 8:00;58;31;27
07.04.2019 9:00;162;77;85
07.04.2019 10:00;165;86;79
07.04.2019 11:00;235;123;112
07.04.2019 12:00;290;145;145
07.04.2019 13:00;297;147;150
07.04.2019 14:00;373;184;189
07.04.2019 15:00;409;197;212
07.04.2019 16:00;354;170;184
07.04.2019 17:00;437;212;225
07.04.2019 18:00;324;153;171
07.04.2019 19:00;278;144;134
07.04.2019 20:00;215;100;115
07.04.2019 21:00;125;51;74
07.04.2019 22:00;100;46;54
07.04.2019 23:00;53;20;33
08.04.2019 0:00;21;9;12
08.04.2019 1:00;13;9;4
08.04.2019 2:00;12;5;7
08.04.2019 3:00;2;2;0
08.04.2019 4:00;6;5;1
08.04.2019 5:00;38;26;12
08.04.2019 6:00;144;93;51
08.04.2019 7:00;842;553;289
08.04.2019 8:00;646;361;285
08.04.2019 9:00;636;435;201
08.04.2019 10:00;264;147;117
08.04.2019 11:00;113;73;40
08.04.2019 12:00;503;228;275
08.04.2019 13:00;820;302;518
08.04.2019 14:00;524;248;276
08.04.2019 15:00;841;403;438
08.04.2019 16:00;682;320;362
08.04.2019 17:00;897;388;509
08.04.2019 18:00;781;321;460
08.04.2019 19:00;544;238;306
08.04.2019 20:00;365;139;226
08.04.2019 21:00;231;84;147
08.04.2019 22:00;160;61;99
08.04.2019 23:00;99;37;62
09.04.2019 0:00;44;16;28
09.04.2019 1:00;18;12;6
09.04.2019 2:00;9;5;4
09.04.2019 3:00;7;7;0
09.04.2019 4:00;1;1;0
09.04.2019 5:00;44;33;11
09.04.2019 6:00;139;83;56
09.04.2019 7:00;910;637;273
09.04.2019 8:00;655;386;269
09.04.2019 9:00;565;375;190
09.04.2019 10:00;351;204;147
09.04.2019 11:00;554;281;273
09.04.2019 12:00;555;217;338
09.04.2019 13:00;786;357;429
09.04.2019 14:00;480;237;243
09.04.2019 15:00;826;357;469
09.04.2019 16:00;715;319;396
09.04.2019 17:00;950;401;549
09.04.2019 18:00;741;329;412
09.04.2019 19:00;605;276;329
09.04.2019 20:00;416;174;242
09.04.2019 21:00;263;85;178
09.04.2019 22:00;201;58;143
09.04.2019 23:00;95;31;64
10.04.2019 0:00;49;16;33
10.04.2019 1:00;27;9;18
10.04.2019 2:00;12;7;5
10.04.2019 3:00;10;5;5
10.04.2019 4:00;10;9;1
10.04.2019 5:00;50;32;18
10.04.2019 6:00;112;72;40
10.04.2019 7:00;659;423;236
10.04.2019 8:00;443;301;142
10.04.2019 9:00;431;310;121
10.04.2019 10:00;229;136;93
10.04.2019 11:00;342;154;188
10.04.2019 12:00;413;174;239
10.04.2019 13:00;596;289;307
10.04.2019 14:00;396;192;204
10.04.2019 15:00;535;231;304
10.04.2019 16:00;541;255;286
10.04.2019 17:00;737;301;436
10.04.2019 18:00;626;302;324
10.04.2019 19:00;459;203;256
10.04.2019 20:00;298;133;165
10.04.2019 21:00;230;88;142
10.04.2019 22:00;184;65;119
10.04.2019 23:00;106;36;70
11.04.2019 0:00;68;14;54
11.04.2019 1:00;42;3;39
11.04.2019 2:00;12;5;7
11.04.2019 3:00;5;3;2
11.04.2019 4:00;7;4;3
11.04.2019 5:00;51;38;13
11.04.2019 6:00;136;89;47
11.04.2019 7:00;892;591;301
11.04.2019 8:00;587;373;214
11.04.2019 9:00;575;370;205
11.04.2019 10:00;328;192;136
11.04.2019 11:00;565;287;278
11.04.2019 12:00;503;219;284
11.04.2019 13:00;721;342;379
11.04.2019 14:00;475;205;270
11.04.2019 15:00;803;376;427
11.04.2019 16:00;770;375;395
11.04.2019 17:00;891;358;533
11.04.2019 18:00;770;353;417
11.04.2019 19:00;541;211;330
11.04.2019 20:00;380;154;226
11.04.2019 21:00;229;96;133
11.04.2019 22:00;200;85;115
11.04.2019 23:00;122;49;73
12.04.2019 0:00;66;24;42
12.04.2019 1:00;53;19;34
12.04.2019 2:00;15;7;8
12.04.2019 3:00;8;5;3
12.04.2019 4:00;7;6;1
12.04.2019 5:00;31;23;8
12.04.2019 6:00;145;98;47
12.04.2019 7:00;599;322;277
12.04.2019 8:00;695;438;257
12.04.2019 9:00;752;538;214
12.04.2019 10:00;377;204;173
12.04.2019 11:00;619;323;296
12.04.2019 12:00;689;280;409
12.04.2019 13:00;879;313;566
12.04.2019 14:00;608;271;337
12.04.2019 15:00;671;327;344
12.04.2019 16:00;606;279;327
12.04.2019 17:00;675;280;395
12.04.2019 18:00;569;263;306
12.04.2019 19:00;448;222;226
12.04.2019 20:00;392;209;183
12.04.2019 21:00;239;140;99
12.04.2019 22:00;197;81;116
12.04.2019 23:00;168;54;114
13.04.2019 0:00;148;46;102
13.04.2019 1:00;124;47;77
13.04.2019 2:00;57;22;35
13.04.2019 3:00;32;10;22
13.04.2019 4:00;20;7;13
13.04.2019 5:00;22;11;11
13.04.2019 6:00;37;21;16
13.04.2019 7:00;61;32;29
13.04.2019 8:00;155;94;61
13.04.2019 9:00;266;166;100
13.04.2019 10:00;344;191;153
13.04.2019 11:00;410;228;182
13.04.2019 12:00;477;250;227
13.04.2019 13:00;506;273;233
13.04.2019 14:00;436;219;217
13.04.2019 15:00;420;203;217
13.04.2019 16:00;470;208;262
13.04.2019 17:00;435;168;267
13.04.2019 18:00;407;174;233
13.04.2019 19:00;363;185;178
13.04.2019 20:00;259;110;149
13.04.2019 21:00;209;96;113
13.04.2019 22:00;171;81;90
13.04.2019 23:00;139;48;91
14.04.2019 0:00;139;57;82
14.04.2019 1:00;86;35;51
14.04.2019 2:00;80;32;48
14.04.2019 3:00;45;24;21
14.04.2019 4:00;22;17;5
14.04.2019 5:00;14;10;4
14.04.2019 6:00;26;16;10
14.04.2019 7:00;20;8;12
14.04.2019 8:00;45;25;20
14.04.2019 9:00;96;51;45
14.04.2019 10:00;89;44;45
14.04.2019 11:00;110;58;52
14.04.2019 12:00;146;95;51
14.04.2019 13:00;157;73;84
14.04.2019 14:00;179;93;86
14.04.2019 15:00;161;74;87
14.04.2019 16:00;193;110;83
14.04.2019 17:00;183;98;85
14.04.2019 18:00;145;63;82
14.04.2019 19:00;148;78;70
14.04.2019 20:00;134;66;68
14.04.2019 21:00;84;36;48
14.04.2019 22:00;102;33;69
14.04.2019 23:00;56;13;43
15.04.2019 0:00;27;7;20
15.04.2019 1:00;21;10;11
15.04.2019 2:00;9;7;2
15.04.2019 3:00;1;0;1
15.04.2019 4:00;7;2;5
15.04.2019 5:00;43;29;14
15.04.2019 6:00;139;90;49
15.04.2019 7:00;491;311;180
15.04.2019 8:00;527;318;209
15.04.2019 9:00;626;400;226
15.04.2019 10:00;374;208;166
15.04.2019 11:00;512;282;230
15.04.2019 12:00;535;230;305
15.04.2019 13:00;604;279;325
15.04.2019 14:00;535;263;272
15.04.2019 15:00;671;359;312
15.04.2019 16:00;750;326;424
15.04.2019 17:00;881;372;509
15.04.2019 18:00;857;388;469
15.04.2019 19:00;697;305;392
15.04.2019 20:00;451;189;262
15.04.2019 21:00;268;104;164
15.04.2019 22:00;223;78;145
15.04.2019 23:00;142;70;72
16.04.2019 0:00;64;23;41
16.04.2019 1:00;39;15;24
16.04.2019 2:00;17;9;8
16.04.2019 3:00;13;6;7
16.04.2019 4:00;14;10;4
16.04.2019 5:00;39;28;11
16.04.2019 6:00;158;102;56
16.04.2019 7:00;569;354;215
16.04.2019 8:00;567;339;228
16.04.2019 9:00;737;476;261
16.04.2019 10:00;478;274;204
16.04.2019 11:00;594;290;304
16.04.2019 12:00;633;266;367
16.04.2019 13:00;710;360;350
16.04.2019 14:00;605;356;249
16.04.2019 15:00;714;361;353
16.04.2019 16:00;773;335;438
16.04.2019 17:00;950;425;525
16.04.2019 18:00;751;329;422
16.04.2019 19:00;681;280;401
16.04.2019 20:00;450;184;266
16.04.2019 21:00;266;116;150
16.04.2019 22:00;206;74;132
16.04.2019 23:00;170;70;100
17.04.2019 0:00;60;13;47
17.04.2019 1:00;20;7;13
17.04.2019 2:00;13;4;9
17.04.2019 3:00;5;2;3
17.04.2019 4:00;10;7;3
17.04.2019 5:00;44;22;22
17.04.2019 6:00;149;91;58
17.04.2019 7:00;652;424;228
17.04.2019 8:00;607;389;218
17.04.2019 9:00;704;416;288
17.04.2019 10:00;466;259;207
17.04.2019 11:00;609;265;344
17.04.2019 12:00;615;296;319
17.04.2019 13:00;651;325;326
17.04.2019 14:00;617;295;322
17.04.2019 15:00;734;359;375
17.04.2019 16:00;780;360;420
17.04.2019 17:00;965;436;529
17.04.2019 18:00;929;410;519
17.04.2019 19:00;752;356;396
17.04.2019 20:00;482;212;270
17.04.2019 21:00;421;199;222
17.04.2019 22:00;274;115;159
17.04.2019 23:00;216;84;132
18.04.2019 0:00;104;31;73
18.04.2019 1:00;75;20;55
18.04.2019 2:00;30;15;15
18.04.2019 3:00;20;12;8
18.04.2019 4:00;21;19;2
18.04.2019 5:00;47;33;14
18.04.2019 6:00;148;92;56
18.04.2019 7:00;514;320;194
18.04.2019 8:00;588;377;211
18.04.2019 9:00;608;362;246
18.04.2019 10:00;481;263;218
18.04.2019 11:00;656;366;290
18.04.2019 12:00;621;254;367
18.04.2019 13:00;693;337;356
18.04.2019 14:00;655;328;327
18.04.2019 15:00;815;378;437
18.04.2019 16:00;867;415;452
18.04.2019 17:00;947;396;551
18.04.2019 18:00;755;306;449
18.04.2019 19:00;609;277;332
18.04.2019 20:00;395;181;214
18.04.2019 21:00;254;117;137
18.04.2019 22:00;194;88;106
18.04.2019 23:00;159;69;90
19.04.2019 0:00;112;34;78
19.04.2019 1:00;75;26;49
19.04.2019 2:00;48;16;32
19.04.2019 3:00;28;14;14
19.04.2019 4:00;9;7;2
19.04.2019 5:00;10;7;3
19.04.2019 6:00;30;15;15
19.04.2019 7:00;38;21;17
19.04.2019 8:00;81;39;42
19.04.2019 9:00;236;141;95
19.04.2019 10:00;306;169;137
19.04.2019 11:00;387;179;208
19.04.2019 12:00;404;170;234
19.04.2019 13:00;424;197;227
19.04.2019 14:00;541;254;287
19.04.2019 15:00;500;256;244
19.04.2019 16:00;599;342;257
19.04.2019 17:00;473;263;210
19.04.2019 18:00;463;228;235
19.04.2019 19:00;415;165;250
19.04.2019 20:00;267;113;154
19.04.2019 21:00;209;94;115
19.04.2019 22:00;129;51;78
19.04.2019 23:00;96;41;55
20.04.2019 0:00;72;26;46
20.04.2019 1:00;38;15;23
20.04.2019 2:00;21;6;15
20.04.2019 3:00;14;4;10
20.04.2019 4:00;7;5;2
20.04.2019 5:00;16;9;7
20.04.2019 6:00;38;24;14
20.04.2019 7:00;55;34;21
20.04.2019 8:00;167;97;70
20.04.2019 9:00;384;233;151
20.04.2019 10:00;579;314;265
20.04.2019 11:00;604;328;276
20.04.2019 12:00;580;304;276
20.04.2019 13:00;651;339;312
20.04.2019 14:00;607;297;310
20.04.2019 15:00;637;291;346
20.04.2019 16:00;600;263;337
20.04.2019 17:00;611;296;315
20.04.2019 18:00;508;255;253
20.04.2019 19:00;366;206;160
20.04.2019 20:00;300;112;188
20.04.2019 21:00;207;104;103
20.04.2019 22:00;154;69;85
20.04.2019 23:00;109;26;83
21.04.2019 0:00;92;26;66
21.04.2019 1:00;67;25;42
21.04.2019 2:00;33;10;23
21.04.2019 3:00;17;3;14
21.04.2019 4:00;9;4;5
21.04.2019 5:00;16;10;6
21.04.2019 6:00;40;17;23
21.04.2019 7:00;34;14;20
21.04.2019 8:00;76;42;34
21.04.2019 9:00;209;101;108
21.04.2019 10:00;264;135;129
21.04.2019 11:00;349;172;177
21.04.2019 12:00;387;190;197
21.04.2019 13:00;349;151;198
21.04.2019 14:00;425;213;212
21.04.2019 15:00;438;241;197
21.04.2019 16:00;395;230;165
21.04.2019 17:00;355;183;172
21.04.2019 18:00;322;163;159
21.04.2019 19:00;304;153;151
21.04.2019 20:00;240;115;125
21.04.2019 21:00;158;70;88
21.04.2019 22:00;125;50;75
21.04.2019 23:00;71;28;43
22.04.2019 0:00;52;12;40
22.04.2019 1:00;63;25;38
22.04.2019 2:00;12;5;7
22.04.2019 3:00;11;4;7
22.04.2019 4:00;5;4;1
22.04.2019 5:00;10;6;4
22.04.2019 6:00;21;12;9
22.04.2019 7:00;47;22;25
22.04.2019 8:00;83;49;34
22.04.2019 9:00;167;85;82
22.04.2019 10:00;244;132;112
22.04.2019 11:00;314;166;148
22.04.2019 12:00;413;205;208
22.04.2019 13:00;432;221;211
22.04.2019 14:00;501;260;241
22.04.2019 15:00;473;261;212
22.04.2019 16:00;474;232;242
22.04.2019 17:00;466;230;236
22.04.2019 18:00;414;206;208
22.04.2019 19:00;343;174;169
22.04.2019 20:00;212;112;100
22.04.2019 21:00;184;75;109
22.04.2019 22:00;117;55;62
22.04.2019 23:00;79;30;49
23.04.2019 0:00;45;16;29
23.04.2019 1:00;18;10;8
23.04.2019 2:00;10;6;4
23.04.2019 3:00;10;3;7
23.04.2019 4:00;4;3;1
23.04.2019 5:00;45;28;17
23.04.2019 6:00;157;105;52
23.04.2019 7:00;604;388;216
23.04.2019 8:00;605;380;225
23.04.2019 9:00;641;394;247
23.04.2019 10:00;513;289;224
23.04.2019 11:00;667;324;343
23.04.2019 12:00;598;274;324
23.04.2019 13:00;712;402;310
23.04.2019 14:00;636;337;299
23.04.2019 15:00;783;378;405
23.04.2019 16:00;770;355;415
23.04.2019 17:00;998;436;562
23.04.2019 18:00;878;421;457
23.04.2019 19:00;708;336;372
23.04.2019 20:00;463;175;288
23.04.2019 21:00;347;132;215
23.04.2019 22:00;273;106;167
23.04.2019 23:00;137;58;79
24.04.2019 0:00;72;26;46
24.04.2019 1:00;37;11;26
24.04.2019 2:00;15;7;8
24.04.2019 3:00;39;6;33
24.04.2019 4:00;6;3;3
24.04.2019 5:00;60;33;27
24.04.2019 6:00;174;108;66
24.04.2019 7:00;708;465;243
24.04.2019 8:00;654;377;277
24.04.2019 9:00;733;429;304
24.04.2019 10:00;527;282;245
24.04.2019 11:00;684;348;336
24.04.2019 12:00;734;326;408
24.04.2019 13:00;758;421;337
24.04.2019 14:00;718;334;384
24.04.2019 15:00;850;458;392
24.04.2019 16:00;932;452;480
24.04.2019 17:00;991;484;507
24.04.2019 18:00;888;414;474
24.04.2019 19:00;723;304;419
24.04.2019 20:00;527;223;304
24.04.2019 21:00;321;143;178
24.04.2019 22:00;262;113;149
24.04.2019 23:00;204;87;117
25.04.2019 0:00;97;25;72
25.04.2019 1:00;62;14;48
25.04.2019 2:00;18;10;8
25.04.2019 3:00;22;11;11
25.04.2019 4:00;19;15;4
25.04.2019 5:00;49;26;23
25.04.2019 6:00;148;89;59
25.04.2019 7:00;603;387;216
25.04.2019 8:00;636;397;239
25.04.2019 9:00;653;391;262
25.04.2019 10:00;470;287;183
25.04.2019 11:00;701;365;336
25.04.2019 12:00;661;301;360
25.04.2019 13:00;760;368;392
25.04.2019 14:00;706;351;355
25.04.2019 15:00;847;453;394
25.04.2019 16:00;900;395;505
25.04.2019 17:00;989;457;532
25.04.2019 18:00;838;385;453
25.04.2019 19:00;699;304;395
25.04.2019 20:00;512;189;323
25.04.2019 21:00;338;129;209
25.04.2019 22:00;313;113;200
25.04.2019 23:00;190;74;116
26.04.2019 0:00;104;43;61
26.04.2019 1:00;54;16;38
26.04.2019 2:00;14;7;7
26.04.2019 3:00;7;3;4
26.04.2019 4:00;5;4;1
26.04.2019 5:00;43;27;16
26.04.2019 6:00;118;74;44
26.04.2019 7:00;317;194;123
26.04.2019 8:00;378;261;117
26.04.2019 9:00;324;193;131
26.04.2019 10:00;238;136;102
26.04.2019 11:00;235;130;105
26.04.2019 12:00;268;102;166
26.04.2019 13:00;331;132;199
26.04.2019 14:00;251;122;129
26.04.2019 15:00;288;130;158
26.04.2019 16:00;402;215;187
26.04.2019 17:00;442;227;215
26.04.2019 18:00;425;194;231
26.04.2019 19:00;380;175;205
26.04.2019 20:00;306;151;155
26.04.2019 21:00;200;104;96
26.04.2019 22:00;164;77;87
26.04.2019 23:00;149;54;95
27.04.2019 0:00;118;38;80
27.04.2019 1:00;80;24;56
27.04.2019 2:00;67;21;46
27.04.2019 3:00;34;9;25
27.04.2019 4:00;23;4;19
27.04.2019 5:00;25;15;10
27.04.2019 6:00;34;22;12
27.04.2019 7:00;65;33;32
27.04.2019 8:00;152;81;71
27.04.2019 9:00;302;188;114
27.04.2019 10:00;345;213;132
27.04.2019 11:00;301;173;128
27.04.2019 12:00;412;221;191
27.04.2019 13:00;433;245;188
27.04.2019 14:00;397;192;205
27.04.2019 15:00;425;178;247
27.04.2019 16:00;365;180;185
27.04.2019 17:00;328;142;186
27.04.2019 18:00;275;102;173
27.04.2019 19:00;268;142;126
27.04.2019 20:00;252;121;131
27.04.2019 21:00;202;108;94
27.04.2019 22:00;127;54;73
27.04.2019 23:00;120;50;70
28.04.2019 0:00;106;33;73
28.04.2019 1:00;79;26;53
28.04.2019 2:00;74;15;59
28.04.2019 3:00;38;13;25
28.04.2019 4:00;15;11;4
28.04.2019 5:00;26;15;11
28.04.2019 6:00;26;16;10
28.04.2019 7:00;32;15;17
28.04.2019 8:00;52;26;26
28.04.2019 9:00;179;102;77
28.04.2019 10:00;161;91;70
28.04.2019 11:00;203;102;101
28.04.2019 12:00;188;87;101
28.04.2019 13:00;267;134;133
28.04.2019 14:00;237;129;108
28.04.2019 15:00;334;156;178
28.04.2019 16:00;282;127;155
28.04.2019 17:00;306;158;148
28.04.2019 18:00;306;151;155
28.04.2019 19:00;247;124;123
28.04.2019 20:00;186;85;101
28.04.2019 21:00;129;48;81
28.04.2019 22:00;104;40;64
28.04.2019 23:00;66;25;41
29.04.2019 0:00;26;17;9
29.04.2019 1:00;16;8;8
29.04.2019 2:00;11;2;9
29.04.2019 3:00;5;4;1
29.04.2019 4:00;4;2;2
29.04.2019 5:00;50;31;19
29.04.2019 6:00;147;91;56
29.04.2019 7:00;972;648;324
29.04.2019 8:00;646;361;285
29.04.2019 9:00;682;457;225
29.04.2019 10:00;411;240;171
29.04.2019 11:00;512;242;270
29.04.2019 12:00;666;271;395
29.04.2019 13:00;795;331;464
29.04.2019 14:00;462;217;245
29.04.2019 15:00;872;406;466
29.04.2019 16:00;690;340;350
29.04.2019 17:00;792;311;481
29.04.2019 18:00;755;345;410
29.04.2019 19:00;592;265;327
29.04.2019 20:00;395;172;223
29.04.2019 21:00;276;104;172
29.04.2019 22:00;214;67;147
29.04.2019 23:00;126;58;68
30.04.2019 0:00;44;19;25
30.04.2019 1:00;37;5;32
30.04.2019 2:00;13;9;4
30.04.2019 3:00;5;2;3
30.04.2019 4:00;7;5;2
30.04.2019 5:00;38;24;14
30.04.2019 6:00;141;87;54
30.04.2019 7:00;894;613;281
30.04.2019 8:00;685;402;283
30.04.2019 9:00;623;393;230
30.04.2019 10:00;328;189;139
30.04.2019 11:00;526;240;286
30.04.2019 12:00;496;189;307
30.04.2019 13:00;766;357;409
30.04.2019 14:00;470;201;269
30.04.2019 15:00;845;352;493
30.04.2019 16:00;715;349;366
30.04.2019 17:00;966;428;538
30.04.2019 18:00;784;380;404
30.04.2019 19:00;669;285;384
30.04.2019 20:00;525;287;238
30.04.2019 21:00;397;230;167
30.04.2019 22:00;317;157;160
30.04.2019 23:00;271;115;156
01.05.2019 0:00;229;72;157
01.05.2019 1:00;190;45;145
01.05.2019 2:00;136;48;88
01.05.2019 3:00;94;27;67
01.05.2019 4:00;40;14;26
01.05.2019 5:00;37;28;9
01.05.2019 6:00;36;17;19
01.05.2019 7:00;56;33;23
01.05.2019 8:00;115;50;65
01.05.2019 9:00;203;100;103
01.05.2019 10:00;416;196;220
01.05.2019 11:00;476;198;278
01.05.2019 12:00;506;234;272
01.05.2019 13:00;591;265;326
01.05.2019 14:00;597;299;298
01.05.2019 15:00;571;326;245
01.05.2019 16:00;630;305;325
01.05.2019 17:00;705;369;336
01.05.2019 18:00;596;326;270
01.05.2019 19:00;494;238;256
01.05.2019 20:00;483;254;229
01.05.2019 21:00;283;132;151
01.05.2019 22:00;198;69;129
01.05.2019 23:00;178;70;108
02.05.2019 0:00;49;19;30
02.05.2019 1:00;30;16;14
02.05.2019 2:00;10;4;6
02.05.2019 3:00;5;3;2
02.05.2019 4:00;5;5;0
02.05.2019 5:00;50;32;18
02.05.2019 6:00;143;100;43
02.05.2019 7:00;1009;640;369
02.05.2019 8:00;767;469;298
02.05.2019 9:00;807;487;320
02.05.2019 10:00;483;287;196
02.05.2019 11:00;705;348;357
02.05.2019 12:00;615;273;342
02.05.2019 13:00;883;381;502
02.05.2019 14:00;659;314;345
02.05.2019 15:00;1025;490;535
02.05.2019 16:00;827;384;443
02.05.2019 17:00;883;323;560
02.05.2019 18:00;805;364;441
02.05.2019 19:00;531;239;292
02.05.2019 20:00;399;182;217
02.05.2019 21:00;226;96;130
02.05.2019 22:00;215;63;152
02.05.2019 23:00;102;43;59
03.05.2019 0:00;49;14;35
03.05.2019 1:00;24;12;12
03.05.2019 2:00;11;5;6
03.05.2019 3:00;7;5;2
03.05.2019 4:00;7;6;1
03.05.2019 5:00;44;32;12
03.05.2019 6:00;88;56;32
03.05.2019 7:00;660;394;266
03.05.2019 8:00;559;355;204
03.05.2019 9:00;489;312;177
03.05.2019 10:00;338;205;133
03.05.2019 11:00;404;181;223
03.05.2019 12:00;518;258;260
03.05.2019 13:00;646;237;409
03.05.2019 14:00;418;197;221
03.05.2019 15:00;475;216;259
03.05.2019 16:00;538;252;286
03.05.2019 17:00;561;256;305
03.05.2019 18:00;543;253;290
03.05.2019 19:00;426;210;216
03.05.2019 20:00;345;186;159
03.05.2019 21:00;275;134;141
03.05.2019 22:00;215;74;141
03.05.2019 23:00;192;54;138
04.05.2019 0:00;155;33;122
04.05.2019 1:00;92;35;57
04.05.2019 2:00;68;27;41
04.05.2019 3:00;19;4;15
04.05.2019 4:00;21;12;9
04.05.2019 5:00;26;20;6
04.05.2019 6:00;32;15;17
04.05.2019 7:00;75;41;34
04.05.2019 8:00;216;129;87
04.05.2019 9:00;345;209;136
04.05.2019 10:00;380;221;159
04.05.2019 11:00;437;226;211
04.05.2019 12:00;438;223;215
04.05.2019 13:00;347;178;169
04.05.2019 14:00;376;179;197
04.05.2019 15:00;377;180;197
04.05.2019 16:00;250;120;130
04.05.2019 17:00;227;76;151
04.05.2019 18:00;230;89;141
04.05.2019 19:00;168;74;94
04.05.2019 20:00;149;81;68
04.05.2019 21:00;120;60;60
04.05.2019 22:00;85;34;51
04.05.2019 23:00;102;46;56
05.05.2019 0:00;63;24;39
05.05.2019 1:00;73;25;48
05.05.2019 2:00;26;12;14
05.05.2019 3:00;31;12;19
05.05.2019 4:00;16;1;15
05.05.2019 5:00;18;12;6
05.05.2019 6:00;21;14;7
05.05.2019 7:00;23;12;11
05.05.2019 8:00;44;15;29
05.05.2019 9:00;137;69;68
05.05.2019 10:00;147;93;54
05.05.2019 11:00;139;86;53
05.05.2019 12:00;216;101;115
05.05.2019 13:00;221;100;121
05.05.2019 14:00;266;138;128
05.05.2019 15:00;287;158;129
05.05.2019 16:00;292;133;159
05.05.2019 17:00;318;144;174
05.05.2019 18:00;268;113;155
05.05.2019 19:00;202;102;100
05.05.2019 20:00;152;77;75
05.05.2019 21:00;112;44;68
05.05.2019 22:00;132;48;84
05.05.2019 23:00;69;21;48
06.05.2019 0:00;36;17;19
06.05.2019 1:00;6;3;3
06.05.2019 2:00;10;3;7
06.05.2019 3:00;1;0;1
06.05.2019 4:00;7;4;3
06.05.2019 5:00;60;41;19
06.05.2019 6:00;153;108;45
06.05.2019 7:00;958;622;336
06.05.2019 8:00;715;448;267
06.05.2019 9:00;688;419;269
06.05.2019 10:00;447;239;208
06.05.2019 11:00;558;268;290
06.05.2019 12:00;619;262;357
06.05.2019 13:00;858;357;501
06.05.2019 14:00;519;255;264
06.05.2019 15:00;789;380;409
06.05.2019 16:00;797;383;414
06.05.2019 17:00;906;385;521
06.05.2019 18:00;812;378;434
06.05.2019 19:00;647;263;384
06.05.2019 20:00;420;184;236
06.05.2019 21:00;285;110;175
06.05.2019 22:00;220;84;136
06.05.2019 23:00;125;57;68
07.05.2019 0:00;47;22;25
07.05.2019 1:00;25;10;15
07.05.2019 2:00;12;6;6
07.05.2019 3:00;9;5;4
07.05.2019 4:00;9;7;2
07.05.2019 5:00;36;24;12
07.05.2019 6:00;180;119;61
07.05.2019 7:00;1079;719;360
07.05.2019 8:00;792;446;346
07.05.2019 9:00;797;481;316
07.05.2019 10:00;465;267;198
07.05.2019 11:00;618;294;324
07.05.2019 12:00;625;263;362
07.05.2019 13:00;904;390;514
07.05.2019 14:00;592;265;327
07.05.2019 15:00;1030;496;534
07.05.2019 16:00;926;445;481
07.05.2019 17:00;1142;528;614
07.05.2019 18:00;948;416;532
07.05.2019 19:00;867;372;495
07.05.2019 20:00;515;233;282
07.05.2019 21:00;323;137;186
07.05.2019 22:00;273;87;186
07.05.2019 23:00;207;83;124
08.05.2019 0:00;70;25;45
08.05.2019 1:00;49;19;30
08.05.2019 2:00;10;2;8
08.05.2019 3:00;2;1;1
08.05.2019 4:00;9;7;2
08.05.2019 5:00;50;27;23
08.05.2019 6:00;153;89;64
08.05.2019 7:00;1070;693;377
08.05.2019 8:00;671;419;252
08.05.2019 9:00;579;362;217
08.05.2019 10:00;314;164;150
08.05.2019 11:00;489;228;261
08.05.2019 12:00;539;238;301
08.05.2019 13:00;777;381;396
08.05.2019 14:00;519;239;280
08.05.2019 15:00;613;251;362
08.05.2019 16:00;614;276;338
08.05.2019 17:00;767;309;458
08.05.2019 18:00;500;217;283
08.05.2019 19:00;367;143;224
08.05.2019 20:00;298;129;169
08.05.2019 21:00;176;90;86
08.05.2019 22:00;144;57;87
08.05.2019 23:00;96;43;53
09.05.2019 0:00;50;13;37
09.05.2019 1:00;30;14;16
09.05.2019 2:00;13;5;8
09.05.2019 3:00;11;8;3
09.05.2019 4:00;5;5;0
09.05.2019 5:00;50;32;18
09.05.2019 6:00;148;90;58
09.05.2019 7:00;999;634;365
09.05.2019 8:00;759;441;318
09.05.2019 9:00;693;442;251
09.05.2019 10:00;383;216;167
09.05.2019 11:00;518;251;267
09.05.2019 12:00;544;227;317
09.05.2019 13:00;843;339;504
09.05.2019 14:00;531;253;278
09.05.2019 15:00;899;375;524
09.05.2019 16:00;749;382;367
09.05.2019 17:00;858;373;485
09.05.2019 18:00;810;377;433
09.05.2019 19:00;571;288;283
09.05.2019 20:00;444;204;240
09.05.2019 21:00;315;122;193
09.05.2019 22:00;257;77;180
09.05.2019 23:00;171;63;108
10.05.2019 0:00;101;38;63
10.05.2019 1:00;44;16;28
10.05.2019 2:00;38;21;17
10.05.2019 3:00;29;27;2
10.05.2019 4:00;40;35;5
10.05.2019 5:00;43;31;12
10.05.2019 6:00;131;84;47
10.05.2019 7:00;765;473;292
10.05.2019 8:00;610;373;237
10.05.2019 9:00;583;342;241
10.05.2019 10:00;426;235;191
10.05.2019 11:00;538;275;263
10.05.2019 12:00;674;312;362
10.05.2019 13:00;815;315;500
10.05.2019 14:00;652;349;303
10.05.2019 15:00;618;299;319
10.05.2019 16:00;649;296;353
10.05.2019 17:00;647;300;347
10.05.2019 18:00;613;279;334
10.05.2019 19:00;512;255;257
10.05.2019 20:00;380;180;200
10.05.2019 21:00;234;116;118
10.05.2019 22:00;226;78;148
10.05.2019 23:00;212;63;149
11.05.2019 0:00;133;60;73
11.05.2019 1:00;100;37;63
11.05.2019 2:00;53;11;42
11.05.2019 3:00;42;20;22
11.05.2019 4:00;17;11;6
11.05.2019 5:00;28;17;11
11.05.2019 6:00;22;11;11
11.05.2019 7:00;61;35;26
11.05.2019 8:00;174;96;78
11.05.2019 9:00;255;155;100
11.05.2019 10:00;257;149;108
11.05.2019 11:00;390;202;188
11.05.2019 12:00;236;140;96
11.05.2019 13:00;344;172;172
11.05.2019 14:00;367;213;154
11.05.2019 15:00;387;185;202
11.05.2019 16:00;289;120;169
11.05.2019 17:00;297;141;156
11.05.2019 18:00;341;147;194
11.05.2019 19:00;298;149;149
11.05.2019 20:00;200;103;97
11.05.2019 21:00;166;71;95
11.05.2019 22:00;106;47;59
11.05.2019 23:00;125;45;80
12.05.2019 0:00;145;39;106
12.05.2019 1:00;131;26;105
12.05.2019 2:00;64;28;36
12.05.2019 3:00;63;21;42
12.05.2019 4:00;31;15;16
12.05.2019 5:00;20;13;7
12.05.2019 6:00;27;17;10
12.05.2019 7:00;33;15;18
12.05.2019 8:00;66;29;37
12.05.2019 9:00;147;75;72
12.05.2019 10:00;211;116;95
12.05.2019 11:00;256;133;123
12.05.2019 12:00;237;108;129
12.05.2019 13:00;280;150;130
12.05.2019 14:00;361;179;182
12.05.2019 15:00;332;169;163
12.05.2019 16:00;345;155;190
12.05.2019 17:00;326;126;200
12.05.2019 18:00;277;133;144
12.05.2019 19:00;195;95;100
12.05.2019 20:00;152;67;85
12.05.2019 21:00;107;38;69
12.05.2019 22:00;103;40;63
12.05.2019 23:00;58;25;33
13.05.2019 0:00;32;13;19
13.05.2019 1:00;14;9;5
13.05.2019 2:00;3;1;2
13.05.2019 3:00;5;3;2
13.05.2019 4:00;6;6;0
13.05.2019 5:00;57;36;21
13.05.2019 6:00;153;100;53
13.05.2019 7:00;1065;692;373
13.05.2019 8:00;704;404;300
13.05.2019 9:00;760;469;291
13.05.2019 10:00;481;268;213
13.05.2019 11:00;635;283;352
13.05.2019 12:00;635;272;363
13.05.2019 13:00;883;356;527
13.05.2019 14:00;556;289;267
13.05.2019 15:00;947;423;524
13.05.2019 16:00;718;337;381
13.05.2019 17:00;888;406;482
13.05.2019 18:00;805;335;470
13.05.2019 19:00;605;264;341
13.05.2019 20:00;436;180;256
13.05.2019 21:00;284;117;167
13.05.2019 22:00;229;107;122
13.05.2019 23:00;141;69;72
14.05.2019 0:00;58;20;38
14.05.2019 1:00;13;8;5
14.05.2019 2:00;17;11;6
14.05.2019 3:00;4;3;1
14.05.2019 4:00;4;3;1
14.05.2019 5:00;43;31;12
14.05.2019 6:00;180;121;59
14.05.2019 7:00;1091;725;366
14.05.2019 8:00;808;483;325
14.05.2019 9:00;867;530;337
14.05.2019 10:00;504;286;218
14.05.2019 11:00;636;303;333
14.05.2019 12:00;684;314;370
14.05.2019 13:00;912;390;522
14.05.2019 14:00;647;277;370
14.05.2019 15:00;987;418;569
14.05.2019 16:00;881;445;436
14.05.2019 17:00;1077;490;587
14.05.2019 18:00;860;381;479
14.05.2019 19:00;768;356;412
14.05.2019 20:00;503;214;289
14.05.2019 21:00;353;148;205
14.05.2019 22:00;256;103;153
14.05.2019 23:00;146;47;99
15.05.2019 0:00;69;23;46
15.05.2019 1:00;31;8;23
15.05.2019 2:00;8;2;6
15.05.2019 3:00;5;2;3
15.05.2019 4:00;7;4;3
15.05.2019 5:00;53;34;19
15.05.2019 6:00;179;113;66
15.05.2019 7:00;1214;788;426
15.05.2019 8:00;788;494;294
15.05.2019 9:00;756;458;298
15.05.2019 10:00;426;231;195
15.05.2019 11:00;634;289;345
15.05.2019 12:00;686;268;418
15.05.2019 13:00;895;378;517
15.05.2019 14:00;658;297;361
15.05.2019 15:00;849;383;466
15.05.2019 16:00;785;350;435
15.05.2019 17:00;1068;427;641
15.05.2019 18:00;826;360;466
15.05.2019 19:00;644;263;381
15.05.2019 20:00;519;257;262
15.05.2019 21:00;349;196;153
15.05.2019 22:00;297;138;159
15.05.2019 23:00;182;84;98
16.05.2019 0:00;106;25;81
16.05.2019 1:00;59;8;51
16.05.2019 2:00;17;7;10
16.05.2019 3:00;13;6;7
16.05.2019 4:00;9;6;3
16.05.2019 5:00;51;33;18
16.05.2019 6:00;162;105;57
16.05.2019 7:00;1128;762;366
16.05.2019 8:00;793;454;339
16.05.2019 9:00;705;394;311
16.05.2019 10:00;433;262;171
16.05.2019 11:00;631;328;303
16.05.2019 12:00;647;261;386
16.05.2019 13:00;926;363;563
16.05.2019 14:00;502;226;276
16.05.2019 15:00;970;429;541
16.05.2019 16:00;858;423;435
16.05.2019 17:00;1075;469;606
16.05.2019 18:00;958;402;556
16.05.2019 19:00;687;345;342
16.05.2019 20:00;516;223;293
16.05.2019 21:00;323;142;181
16.05.2019 22:00;321;107;214
16.05.2019 23:00;184;66;118
17.05.2019 0:00;85;27;58
17.05.2019 1:00;44;21;23
17.05.2019 2:00;8;2;6
17.05.2019 3:00;7;5;2
17.05.2019 4:00;5;4;1
17.05.2019 5:00;54;38;16
17.05.2019 6:00;142;86;56
17.05.2019 7:00;979;646;333
17.05.2019 8:00;716;419;297
17.05.2019 9:00;746;455;291
17.05.2019 10:00;559;315;244
17.05.2019 11:00;730;343;387
17.05.2019 12:00;819;370;449
17.05.2019 13:00;994;379;615
17.05.2019 14:00;768;423;345
17.05.2019 15:00;722;373;349
17.05.2019 16:00;834;455;379
17.05.2019 17:00;955;474;481
17.05.2019 18:00;815;414;401
17.05.2019 19:00;740;400;340
17.05.2019 20:00;507;253;254
17.05.2019 21:00;381;168;213
17.05.2019 22:00;392;130;262
17.05.2019 23:00;338;65;273
18.05.2019 0:00;184;52;132
18.05.2019 1:00;122;32;90
18.05.2019 2:00;61;19;42
18.05.2019 3:00;55;20;35
18.05.2019 4:00;17;8;9
18.05.2019 5:00;26;16;10
18.05.2019 6:00;51;33;18
18.05.2019 7:00;103;58;45
18.05.2019 8:00;234;134;100
18.05.2019 9:00;374;248;126
18.05.2019 10:00;512;317;195
18.05.2019 11:00;515;294;221
18.05.2019 12:00;624;324;300
18.05.2019 13:00;590;283;307
18.05.2019 14:00;643;286;357
18.05.2019 15:00;679;292;387
18.05.2019 16:00;611;290;321
18.05.2019 17:00;590;299;291
18.05.2019 18:00;593;268;325
18.05.2019 19:00;497;272;225
18.05.2019 20:00;365;159;206
18.05.2019 21:00;285;106;179
18.05.2019 22:00;285;100;185
18.05.2019 23:00;182;64;118
19.05.2019 0:00;103;33;70
19.05.2019 1:00;128;63;65
19.05.2019 2:00;75;32;43
19.05.2019 3:00;39;21;18
19.05.2019 4:00;27;22;5
19.05.2019 5:00;33;18;15
19.05.2019 6:00;32;17;15
19.05.2019 7:00;30;15;15
19.05.2019 8:00;77;40;37
19.05.2019 9:00;180;107;73
19.05.2019 10:00;267;135;132
19.05.2019 11:00;303;158;145
19.05.2019 12:00;318;155;163
19.05.2019 13:00;375;160;215
19.05.2019 14:00;467;248;219
19.05.2019 15:00;459;236;223
19.05.2019 16:00;490;239;251
19.05.2019 17:00;413;203;210
19.05.2019 18:00;494;206;288
19.05.2019 19:00;211;90;121
19.05.2019 20:00;152;70;82
19.05.2019 21:00;103;48;55
19.05.2019 22:00;74;25;49
19.05.2019 23:00;58;20;38
20.05.2019 0:00;26;11;15
20.05.2019 1:00;10;4;6
20.05.2019 2:00;7;4;3
20.05.2019 3:00;6;3;3
20.05.2019 4:00;7;7;0
20.05.2019 5:00;27;17;10
20.05.2019 6:00;131;81;50
20.05.2019 7:00;537;332;205
20.05.2019 8:00;417;237;180
20.05.2019 9:00;418;276;142
20.05.2019 10:00;229;115;114
20.05.2019 11:00;269;132;137
20.05.2019 12:00;318;136;182
20.05.2019 13:00;423;153;270
20.05.2019 14:00;275;141;134
20.05.2019 15:00;423;195;228
20.05.2019 16:00;401;185;216
20.05.2019 17:00;489;205;284
20.05.2019 18:00;360;156;204
20.05.2019 19:00;330;139;191
20.05.2019 20:00;229;97;132
20.05.2019 21:00;144;60;84
20.05.2019 22:00;133;59;74
20.05.2019 23:00;90;29;61
21.05.2019 0:00;26;11;15
21.05.2019 1:00;11;7;4
21.05.2019 2:00;1;0;1
21.05.2019 3:00;9;7;2
21.05.2019 4:00;5;5;0
21.05.2019 5:00;21;14;7
21.05.2019 6:00;115;73;42
21.05.2019 7:00;563;369;194
21.05.2019 8:00;482;279;203
21.05.2019 9:00;430;249;181
21.05.2019 10:00;182;98;84
21.05.2019 11:00;290;158;132
21.05.2019 12:00;324;135;189
21.05.2019 13:00;465;196;269
21.05.2019 14:00;264;123;141
21.05.2019 15:00;510;239;271
21.05.2019 16:00;429;210;219
21.05.2019 17:00;558;246;312
21.05.2019 18:00;416;186;230
21.05.2019 19:00;384;170;214
21.05.2019 20:00;240;109;131
21.05.2019 21:00;160;61;99
21.05.2019 22:00;169;51;118
21.05.2019 23:00;73;32;41
22.05.2019 0:00;34;18;16
22.05.2019 1:00;22;11;11
22.05.2019 2:00;11;4;7
22.05.2019 3:00;10;7;3
22.05.2019 4:00;6;4;2
22.05.2019 5:00;29;20;9
22.05.2019 6:00;135;78;57
22.05.2019 7:00;934;580;354
22.05.2019 8:00;705;431;274
22.05.2019 9:00;679;427;252
22.05.2019 10:00;447;229;218
22.05.2019 11:00;578;264;314
22.05.2019 12:00;616;269;347
22.05.2019 13:00;834;397;437
22.05.2019 14:00;634;336;298
22.05.2019 15:00;779;390;389
22.05.2019 16:00;879;424;455
22.05.2019 17:00;1065;432;633
22.05.2019 18:00;839;378;461
22.05.2019 19:00;732;335;397
22.05.2019 20:00;517;210;307
22.05.2019 21:00;376;185;191
22.05.2019 22:00;260;88;172
22.05.2019 23:00;186;65;121
23.05.2019 0:00;119;34;85
23.05.2019 1:00;67;20;47
23.05.2019 2:00;19;7;12
23.05.2019 3:00;12;7;5
23.05.2019 4:00;9;7;2
23.05.2019 5:00;42;30;12
23.05.2019 6:00;180;106;74
23.05.2019 7:00;1048;676;372
23.05.2019 8:00;843;501;342
23.05.2019 9:00;776;450;326
23.05.2019 10:00;465;263;202
23.05.2019 11:00;752;401;351
23.05.2019 12:00;701;306;395
23.05.2019 13:00;1012;478;534
23.05.2019 14:00;763;382;381
23.05.2019 15:00;1162;580;582
23.05.2019 16:00;1042;486;556
23.05.2019 17:00;1227;550;677
23.05.2019 18:00;1068;519;549
23.05.2019 19:00;856;401;455
23.05.2019 20:00;582;271;311
23.05.2019 21:00;371;155;216
23.05.2019 22:00;390;173;217
23.05.2019 23:00;301;118;183
24.05.2019 0:00;113;34;79
24.05.2019 1:00;84;13;71
24.05.2019 2:00;91;10;81
24.05.2019 3:00;23;8;15
24.05.2019 4:00;13;10;3
24.05.2019 5:00;44;24;20
24.05.2019 6:00;169;109;60
24.05.2019 7:00;957;624;333
24.05.2019 8:00;806;475;331
24.05.2019 9:00;778;446;332
24.05.2019 10:00;524;300;224
24.05.2019 11:00;743;378;365
24.05.2019 12:00;939;434;505
24.05.2019 13:00;1108;424;684
24.05.2019 14:00;784;373;411
24.05.2019 15:00;851;416;435
24.05.2019 16:00;827;417;410
24.05.2019 17:00;927;437;490
24.05.2019 18:00;802;404;398
24.05.2019 19:00;689;323;366
24.05.2019 20:00;500;247;253
24.05.2019 21:00;443;200;243
24.05.2019 22:00;333;110;223
24.05.2019 23:00;299;98;201
25.05.2019 0:00;217;71;146
25.05.2019 1:00;117;29;88
25.05.2019 2:00;64;16;48
25.05.2019 3:00;59;34;25
25.05.2019 4:00;14;9;5
25.05.2019 5:00;27;18;9
25.05.2019 6:00;48;35;13
25.05.2019 7:00;111;65;46
25.05.2019 8:00;191;113;78
25.05.2019 9:00;392;230;162
25.05.2019 10:00;413;238;175
25.05.2019 11:00;529;280;249
25.05.2019 12:00;594;301;293
25.05.2019 13:00;577;294;283
25.05.2019 14:00;771;379;392
25.05.2019 15:00;510;221;289
25.05.2019 16:00;455;197;258
25.05.2019 17:00;373;190;183
25.05.2019 18:00;384;192;192
25.05.2019 19:00;282;144;138
25.05.2019 20:00;235;124;111
25.05.2019 21:00;182;80;102
25.05.2019 22:00;184;78;106
25.05.2019 23:00;187;86;101
26.05.2019 0:00;156;63;93
26.05.2019 1:00;114;37;77
26.05.2019 2:00;63;20;43
26.05.2019 3:00;45;13;32
26.05.2019 4:00;26;8;18
26.05.2019 5:00;28;10;18
26.05.2019 6:00;41;18;23
26.05.2019 7:00;48;18;30
26.05.2019 8:00;89;42;47
26.05.2019 9:00;264;141;123
26.05.2019 10:00;326;180;146
26.05.2019 11:00;470;265;205
26.05.2019 12:00;589;337;252
26.05.2019 13:00;586;321;265
26.05.2019 14:00;723;407;316
26.05.2019 15:00;790;427;363
26.05.2019 16:00;753;352;401
26.05.2019 17:00;724;304;420
26.05.2019 18:00;571;246;325
26.05.2019 19:00;432;200;232
26.05.2019 20:00;391;170;221
26.05.2019 21:00;259;77;182
26.05.2019 22:00;183;68;115
26.05.2019 23:00;92;32;60
27.05.2019 0:00;41;14;27
27.05.2019 1:00;10;4;6
27.05.2019 2:00;10;4;6
27.05.2019 3:00;6;4;2
27.05.2019 4:00;4;3;1
27.05.2019 5:00;51;37;14
27.05.2019 6:00;163;99;64
27.05.2019 7:00;1072;692;380
27.05.2019 8:00;707;396;311
27.05.2019 9:00;755;476;279
27.05.2019 10:00;505;279;226
27.05.2019 11:00;708;322;386
27.05.2019 12:00;691;326;365
27.05.2019 13:00;908;365;543
27.05.2019 14:00;655;300;355
27.05.2019 15:00;927;423;504
27.05.2019 16:00;934;469;465
27.05.2019 17:00;997;458;539
27.05.2019 18:00;911;429;482
27.05.2019 19:00;666;298;368
27.05.2019 20:00;463;210;253
27.05.2019 21:00;285;121;164
27.05.2019 22:00;255;92;163
27.05.2019 23:00;142;48;94
28.05.2019 0:00;69;21;48
28.05.2019 1:00;31;16;15
28.05.2019 2:00;8;3;5
28.05.2019 3:00;6;6;0
28.05.2019 4:00;7;5;2
28.05.2019 5:00;38;25;13
28.05.2019 6:00;151;97;54
28.05.2019 7:00;653;431;222
28.05.2019 8:00;647;394;253
28.05.2019 9:00;693;430;263
28.05.2019 10:00;386;220;166
28.05.2019 11:00;499;254;245
28.05.2019 12:00;461;200;261
28.05.2019 13:00;710;316;394
28.05.2019 14:00;482;243;239
28.05.2019 15:00;740;338;402
28.05.2019 16:00;710;323;387
28.05.2019 17:00;937;426;511
28.05.2019 18:00;638;272;366
28.05.2019 19:00;572;263;309
28.05.2019 20:00;326;151;175
28.05.2019 21:00;265;107;158
28.05.2019 22:00;234;81;153
28.05.2019 23:00;94;30;64
29.05.2019 0:00;57;14;43
29.05.2019 1:00;39;19;20
29.05.2019 2:00;12;6;6
29.05.2019 3:00;6;3;3
29.05.2019 4:00;4;4;0
29.05.2019 5:00;45;30;15
29.05.2019 6:00;144;96;48
29.05.2019 7:00;1043;664;379
29.05.2019 8:00;682;422;260
29.05.2019 9:00;729;434;295
29.05.2019 10:00;454;227;227
29.05.2019 11:00;592;256;336
29.05.2019 12:00;645;295;350
29.05.2019 13:00;863;408;455
29.05.2019 14:00;568;253;315
29.05.2019 15:00;823;366;457
29.05.2019 16:00;803;387;416
29.05.2019 17:00;849;371;478
29.05.2019 18:00;733;302;431
29.05.2019 19:00;549;268;281
29.05.2019 20:00;466;223;243
29.05.2019 21:00;340;165;175
29.05.2019 22:00;261;123;138
29.05.2019 23:00;194;75;119
30.05.2019 0:00;168;48;120
30.05.2019 1:00;147;48;99
30.05.2019 2:00;73;32;41
30.05.2019 3:00;62;21;41
30.05.2019 4:00;30;15;15
30.05.2019 5:00;25;18;7
30.05.2019 6:00;38;24;14
30.05.2019 7:00;51;23;28
30.05.2019 8:00;122;59;63
30.05.2019 9:00;232;102;130
30.05.2019 10:00;354;171;183
30.05.2019 11:00;436;211;225
30.05.2019 12:00;502;217;285
30.05.2019 13:00;570;275;295
30.05.2019 14:00;613;291;322
30.05.2019 15:00;612;328;284
30.05.2019 16:00;657;342;315
30.05.2019 17:00;666;355;311
30.05.2019 18:00;657;378;279
30.05.2019 19:00;541;272;269
30.05.2019 20:00;441;212;229
30.05.2019 21:00;333;141;192
30.05.2019 22:00;242;95;147
30.05.2019 23:00;159;59;100
31.05.2019 0:00;78;33;45
31.05.2019 1:00;49;16;33
31.05.2019 2:00;31;20;11
31.05.2019 3:00;8;3;5
31.05.2019 4:00;11;5;6
31.05.2019 5:00;27;16;11
31.05.2019 6:00;97;63;34
31.05.2019 7:00;316;183;133
31.05.2019 8:00;452;271;181
31.05.2019 9:00;608;376;232
31.05.2019 10:00;704;406;298
31.05.2019 11:00;833;455;378
31.05.2019 12:00;824;352;472
31.05.2019 13:00;925;429;496
31.05.2019 14:00;895;431;464
31.05.2019 15:00;934;469;465
31.05.2019 16:00;851;377;474
31.05.2019 17:00;1024;501;523
31.05.2019 18:00;874;346;528
31.05.2019 19:00;693;310;383
31.05.2019 20:00;509;226;283
31.05.2019 21:00;318;135;183
31.05.2019 22:00;250;103;147
31.05.2019 23:00;232;95;137
01.06.2019 0:00;328;265;63
01.06.2019 1:00;138;78;60
01.06.2019 2:00;46;14;32
01.06.2019 3:00;19;12;7
01.06.2019 4:00;19;8;11
01.06.2019 5:00;14;14;0
01.06.2019 6:00;48;27;21
01.06.2019 7:00;83;52;31
01.06.2019 8:00;225;114;111
01.06.2019 9:00;503;277;226
01.06.2019 10:00;661;384;277
01.06.2019 11:00;738;401;337
01.06.2019 12:00;764;385;379
01.06.2019 13:00;803;394;409
01.06.2019 14:00;838;400;438
01.06.2019 15:00;840;403;437
01.06.2019 16:00;794;353;441
01.06.2019 17:00;850;337;513
01.06.2019 18:00;723;315;408
01.06.2019 19:00;677;355;322
01.06.2019 20:00;431;173;258
01.06.2019 21:00;316;124;192
01.06.2019 22:00;320;118;202
01.06.2019 23:00;266;121;145
02.06.2019 0:00;309;226;83
02.06.2019 1:00;154;84;70
02.06.2019 2:00;74;51;23
02.06.2019 3:00;50;22;28
02.06.2019 4:00;33;15;18
02.06.2019 5:00;27;16;11
02.06.2019 6:00;40;26;14
02.06.2019 7:00;56;41;15
02.06.2019 8:00;104;46;58
02.06.2019 9:00;266;139;127
02.06.2019 10:00;424;222;202
02.06.2019 11:00;483;229;254
02.06.2019 12:00;523;257;266
02.06.2019 13:00;549;253;296
02.06.2019 14:00;630;323;307
02.06.2019 15:00;659;339;320
02.06.2019 16:00;589;286;303
02.06.2019 17:00;649;349;300
02.06.2019 18:00;609;285;324
02.06.2019 19:00;468;275;193
02.06.2019 20:00;369;164;205
02.06.2019 21:00;271;102;169
02.06.2019 22:00;206;69;137
02.06.2019 23:00;117;37;80
03.06.2019 0:00;41;17;24
03.06.2019 1:00;16;6;10
03.06.2019 2:00;5;4;1
03.06.2019 3:00;6;2;4
03.06.2019 4:00;8;3;5
03.06.2019 5:00;53;34;19
03.06.2019 6:00;198;115;83
03.06.2019 7:00;938;576;362
03.06.2019 8:00;921;535;386
03.06.2019 9:00;865;525;340
03.06.2019 10:00;494;282;212
03.06.2019 11:00;729;375;354
03.06.2019 12:00;672;284;388
03.06.2019 13:00;1004;401;603
03.06.2019 14:00;727;391;336
03.06.2019 15:00;1028;478;550
03.06.2019 16:00;1080;503;577
03.06.2019 17:00;1136;503;633
03.06.2019 18:00;1027;491;536
03.06.2019 19:00;829;388;441
03.06.2019 20:00;600;267;333
03.06.2019 21:00;401;150;251
03.06.2019 22:00;286;124;162
03.06.2019 23:00;178;56;122
04.06.2019 0:00;67;27;40
04.06.2019 1:00;30;14;16
04.06.2019 2:00;13;7;6
04.06.2019 3:00;5;4;1
04.06.2019 4:00;9;8;1
04.06.2019 5:00;56;36;20
04.06.2019 6:00;214;134;80
04.06.2019 7:00;1062;682;380
04.06.2019 8:00;923;530;393
04.06.2019 9:00;1026;613;413
04.06.2019 10:00;618;339;279
04.06.2019 11:00;809;392;417
04.06.2019 12:00;782;307;475
04.06.2019 13:00;1014;445;569
04.06.2019 14:00;758;358;400
04.06.2019 15:00;1066;496;570
04.06.2019 16:00;1053;507;546
04.06.2019 17:00;1301;641;660
04.06.2019 18:00;1103;477;626
04.06.2019 19:00;873;401;472
04.06.2019 20:00;661;320;341
04.06.2019 21:00;520;227;293
04.06.2019 22:00;422;160;262
04.06.2019 23:00;233;77;156
05.06.2019 0:00;100;31;69
05.06.2019 1:00;29;13;16
05.06.2019 2:00;19;6;13
05.06.2019 3:00;11;2;9
05.06.2019 4:00;4;3;1
05.06.2019 5:00;67;41;26
05.06.2019 6:00;179;100;79
05.06.2019 7:00;1097;692;405
05.06.2019 8:00;939;561;378
05.06.2019 9:00;855;527;328
05.06.2019 10:00;601;302;299
05.06.2019 11:00;814;384;430
05.06.2019 12:00;812;363;449
05.06.2019 13:00;1063;489;574
05.06.2019 14:00;810;342;468
05.06.2019 15:00;994;458;536
05.06.2019 16:00;979;474;505
05.06.2019 17:00;1305;601;704
05.06.2019 18:00;1130;521;609
05.06.2019 19:00;877;424;453
05.06.2019 20:00;704;326;378
05.06.2019 21:00;510;247;263
05.06.2019 22:00;394;165;229
05.06.2019 23:00;257;90;167
06.06.2019 0:00;144;58;86
06.06.2019 1:00;85;26;59
06.06.2019 2:00;7;3;4
06.06.2019 3:00;29;12;17
06.06.2019 4:00;9;7;2
06.06.2019 5:00;42;30;12
06.06.2019 6:00;193;113;80
06.06.2019 7:00;927;604;323
06.06.2019 8:00;851;495;356
06.06.2019 9:00;818;482;336
06.06.2019 10:00;507;308;199
06.06.2019 11:00;699;383;316
06.06.2019 12:00;672;284;388
06.06.2019 13:00;852;335;517
06.06.2019 14:00;676;295;381
06.06.2019 15:00;876;403;473
06.06.2019 16:00;929;441;488
06.06.2019 17:00;955;421;534
06.06.2019 18:00;854;386;468
06.06.2019 19:00;668;323;345
06.06.2019 20:00;487;243;244
06.06.2019 21:00;316;121;195
06.06.2019 22:00;263;123;140
06.06.2019 23:00;183;69;114
07.06.2019 0:00;110;28;82
07.06.2019 1:00;54;28;26
07.06.2019 2:00;16;4;12
07.06.2019 3:00;5;4;1
07.06.2019 4:00;13;9;4
07.06.2019 5:00;53;36;17
07.06.2019 6:00;154;97;57
07.06.2019 7:00;848;548;300
07.06.2019 8:00;871;535;336
07.06.2019 9:00;737;438;299
07.06.2019 10:00;643;355;288
07.06.2019 11:00;830;398;432
07.06.2019 12:00;981;459;522
07.06.2019 13:00;968;362;606
07.06.2019 14:00;813;386;427
07.06.2019 15:00;862;441;421
07.06.2019 16:00;861;458;403
07.06.2019 17:00;893;415;478
07.06.2019 18:00;940;514;426
07.06.2019 19:00;851;531;320
07.06.2019 20:00;655;346;309
07.06.2019 21:00;529;204;325
07.06.2019 22:00;452;121;331
07.06.2019 23:00;300;72;228
08.06.2019 0:00;235;45;190
08.06.2019 1:00;140;37;103
08.06.2019 2:00;95;27;68
08.06.2019 3:00;55;11;44
08.06.2019 4:00;23;7;16
08.06.2019 5:00;27;21;6
08.06.2019 6:00;39;20;19
08.06.2019 7:00;85;55;30
08.06.2019 8:00;255;138;117
08.06.2019 9:00;352;195;157
08.06.2019 10:00;564;320;244
08.06.2019 11:00;662;382;280
08.06.2019 12:00;600;281;319
08.06.2019 13:00;686;355;331
08.06.2019 14:00;721;344;377
08.06.2019 15:00;624;293;331
08.06.2019 16:00;690;365;325
08.06.2019 17:00;635;320;315
08.06.2019 18:00;622;284;338
08.06.2019 19:00;500;251;249
08.06.2019 20:00;434;204;230
08.06.2019 21:00;354;159;195
08.06.2019 22:00;263;103;160
08.06.2019 23:00;185;60;125
09.06.2019 0:00;202;59;143
09.06.2019 1:00;122;36;86
09.06.2019 2:00;58;25;33
09.06.2019 3:00;40;11;29
09.06.2019 4:00;16;4;12
09.06.2019 5:00;16;13;3
09.06.2019 6:00;41;22;19
09.06.2019 7:00;44;24;20
09.06.2019 8:00;100;38;62
09.06.2019 9:00;257;139;118
09.06.2019 10:00;368;182;186
09.06.2019 11:00;417;226;191
09.06.2019 12:00;391;196;195
09.06.2019 13:00;378;190;188
09.06.2019 14:00;407;205;202
09.06.2019 15:00;374;204;170
09.06.2019 16:00;421;230;191
09.06.2019 17:00;309;152;157
09.06.2019 18:00;267;126;141
09.06.2019 19:00;246;129;117
09.06.2019 20:00;207;82;125
09.06.2019 21:00;162;60;102
09.06.2019 22:00;151;69;82
09.06.2019 23:00;110;51;59
10.06.2019 0:00;60;20;40
10.06.2019 1:00;42;13;29
10.06.2019 2:00;20;7;13
10.06.2019 3:00;12;7;5
10.06.2019 4:00;3;2;1
10.06.2019 5:00;12;8;4
10.06.2019 6:00;41;26;15
10.06.2019 7:00;44;34;10
10.06.2019 8:00;73;34;39
10.06.2019 9:00;101;60;41
10.06.2019 10:00;162;79;83
10.06.2019 11:00;219;89;130
10.06.2019 12:00;190;98;92
10.06.2019 13:00;142;71;71
10.06.2019 14:00;146;64;82
10.06.2019 15:00;103;49;54
10.06.2019 16:00;185;117;68
10.06.2019 17:00;201;99;102
10.06.2019 18:00;251;118;133
10.06.2019 19:00;159;87;72
10.06.2019 20:00;163;74;89
10.06.2019 21:00;119;67;52
10.06.2019 22:00;88;32;56
10.06.2019 23:00;61;22;39
11.06.2019 0:00;46;19;27
11.06.2019 1:00;12;4;8
11.06.2019 2:00;10;6;4
11.06.2019 3:00;2;2;0
11.06.2019 4:00;1;1;0
11.06.2019 5:00;36;22;14
11.06.2019 6:00;147;86;61
11.06.2019 7:00;375;194;181
11.06.2019 8:00;599;329;270
11.06.2019 9:00;534;289;245
11.06.2019 10:00;450;262;188
11.06.2019 11:00;499;250;249
11.06.2019 12:00;510;229;281
11.06.2019 13:00;522;216;306
11.06.2019 14:00;531;272;259
11.06.2019 15:00;522;283;239
11.06.2019 16:00;706;340;366
11.06.2019 17:00;725;369;356
11.06.2019 18:00;664;297;367
11.06.2019 19:00;494;210;284
11.06.2019 20:00;330;159;171
11.06.2019 21:00;241;118;123
11.06.2019 22:00;203;71;132
11.06.2019 23:00;92;41;51
12.06.2019 0:00;64;20;44
12.06.2019 1:00;17;3;14
12.06.2019 2:00;12;1;11
12.06.2019 3:00;5;3;2
12.06.2019 4:00;4;2;2
12.06.2019 5:00;22;14;8
12.06.2019 6:00;97;53;44
12.06.2019 7:00;190;98;92
12.06.2019 8:00;324;146;178
12.06.2019 9:00;267;125;142
12.06.2019 10:00;234;138;96
12.06.2019 11:00;276;132;144
12.06.2019 12:00;357;176;181
12.06.2019 13:00;441;226;215
12.06.2019 14:00;489;243;246
12.06.2019 15:00;477;243;234
12.06.2019 16:00;619;322;297
12.06.2019 17:00;720;363;357
12.06.2019 18:00;672;328;344
12.06.2019 19:00;523;256;267
12.06.2019 20:00;452;189;263
12.06.2019 21:00;314;146;168
12.06.2019 22:00;312;151;161
12.06.2019 23:00;156;67;89
13.06.2019 0:00;100;37;63
13.06.2019 1:00;48;16;32
13.06.2019 2:00;34;16;18
13.06.2019 3:00;27;17;10
13.06.2019 4:00;13;10;3
13.06.2019 5:00;52;32;20
13.06.2019 6:00;153;95;58
13.06.2019 7:00;400;199;201
13.06.2019 8:00;577;305;272
13.06.2019 9:00;597;308;289
13.06.2019 10:00;477;270;207
13.06.2019 11:00;538;275;263
13.06.2019 12:00;585;285;300
13.06.2019 13:00;597;285;312
13.06.2019 14:00;665;359;306
13.06.2019 15:00;695;372;323
13.06.2019 16:00;888;453;435
13.06.2019 17:00;903;457;446
13.06.2019 18:00;890;431;459
13.06.2019 19:00;674;341;333
13.06.2019 20:00;535;237;298
13.06.2019 21:00;408;201;207
13.06.2019 22:00;349;134;215
13.06.2019 23:00;180;73;107
14.06.2019 0:00;119;36;83
14.06.2019 1:00;55;20;35
14.06.2019 2:00;24;5;19
14.06.2019 3:00;7;5;2
14.06.2019 4:00;8;5;3
14.06.2019 5:00;44;29;15
14.06.2019 6:00;153;93;60
14.06.2019 7:00;361;183;178
14.06.2019 8:00;568;316;252
14.06.2019 9:00;589;344;245
14.06.2019 10:00;599;346;253
14.06.2019 11:00;596;279;317
14.06.2019 12:00;623;310;313
14.06.2019 13:00;660;277;383
14.06.2019 14:00;705;369;336
14.06.2019 15:00;678;352;326
14.06.2019 16:00;653;328;325
14.06.2019 17:00;738;369;369
14.06.2019 18:00;734;334;400
14.06.2019 19:00;574;317;257
14.06.2019 20:00;421;223;198
14.06.2019 21:00;347;162;185
14.06.2019 22:00;300;101;199
14.06.2019 23:00;224;68;156
15.06.2019 0:00;176;40;136
15.06.2019 1:00;86;33;53
15.06.2019 2:00;58;14;44
15.06.2019 3:00;35;19;16
15.06.2019 4:00;13;6;7
15.06.2019 5:00;28;12;16
15.06.2019 6:00;47;30;17
15.06.2019 7:00;83;44;39
15.06.2019 8:00;202;101;101
15.06.2019 9:00;377;223;154
15.06.2019 10:00;503;280;223
15.06.2019 11:00;564;306;258
15.06.2019 12:00;529;273;256
15.06.2019 13:00;510;279;231
15.06.2019 14:00;632;302;330
15.06.2019 15:00;599;312;287
15.06.2019 16:00;615;316;299
15.06.2019 17:00;576;282;294
15.06.2019 18:00;543;237;306
15.06.2019 19:00;448;193;255
15.06.2019 20:00;335;133;202
15.06.2019 21:00;124;34;90
15.06.2019 22:00;119;46;73
15.06.2019 23:00;122;41;81
16.06.2019 0:00;88;27;61
16.06.2019 1:00;74;13;61
16.06.2019 2:00;33;11;22
16.06.2019 3:00;36;9;27
16.06.2019 4:00;20;13;7
16.06.2019 5:00;19;9;10
16.06.2019 6:00;33;19;14
16.06.2019 7:00;41;24;17
16.06.2019 8:00;67;34;33
16.06.2019 9:00;124;61;63
16.06.2019 10:00;167;86;81
16.06.2019 11:00;241;114;127
16.06.2019 12:00;294;160;134
16.06.2019 13:00;326;164;162
16.06.2019 14:00;443;206;237
16.06.2019 15:00;474;251;223
16.06.2019 16:00;426;222;204
16.06.2019 17:00;482;247;235
16.06.2019 18:00;541;265;276
16.06.2019 19:00;368;181;187
16.06.2019 20:00;363;175;188
16.06.2019 21:00;306;144;162
16.06.2019 22:00;190;78;112
16.06.2019 23:00;105;39;66
17.06.2019 0:00;39;21;18
17.06.2019 1:00;33;15;18
17.06.2019 2:00;1;0;1
17.06.2019 3:00;9;5;4
17.06.2019 4:00;10;5;5
17.06.2019 5:00;50;34;16
17.06.2019 6:00;168;112;56
17.06.2019 7:00;491;286;205
17.06.2019 8:00;611;331;280
17.06.2019 9:00;751;463;288
17.06.2019 10:00;531;308;223
17.06.2019 11:00;703;369;334
17.06.2019 12:00;602;295;307
17.06.2019 13:00;686;303;383
17.06.2019 14:00;738;397;341
17.06.2019 15:00;812;382;430
17.06.2019 16:00;926;444;482
17.06.2019 17:00;1055;474;581
17.06.2019 18:00;918;445;473
17.06.2019 19:00;850;374;476
17.06.2019 20:00;578;257;321
17.06.2019 21:00;499;198;301
17.06.2019 22:00;311;143;168
17.06.2019 23:00;182;56;126
18.06.2019 0:00;111;36;75
18.06.2019 1:00;24;5;19
18.06.2019 2:00;14;5;9
18.06.2019 3:00;6;1;5
18.06.2019 4:00;8;4;4
18.06.2019 5:00;53;33;20
18.06.2019 6:00;179;121;58
18.06.2019 7:00;603;371;232
18.06.2019 8:00;738;433;305
18.06.2019 9:00;800;499;301
18.06.2019 10:00;614;332;282
18.06.2019 11:00;724;397;327
18.06.2019 12:00;683;307;376
18.06.2019 13:00;730;364;366
18.06.2019 14:00;715;327;388
18.06.2019 15:00;879;403;476
18.06.2019 16:00;926;421;505
18.06.2019 17:00;1141;530;611
18.06.2019 18:00;1017;464;553
18.06.2019 19:00;863;405;458
18.06.2019 20:00;651;295;356
18.06.2019 21:00;364;163;201
18.06.2019 22:00;318;132;186
18.06.2019 23:00;156;70;86
19.06.2019 0:00;68;21;47
19.06.2019 1:00;40;10;30
19.06.2019 2:00;15;7;8
19.06.2019 3:00;9;4;5
19.06.2019 4:00;10;6;4
19.06.2019 5:00;52;35;17
19.06.2019 6:00;172;111;61
19.06.2019 7:00;606;404;202
19.06.2019 8:00;743;431;312
19.06.2019 9:00;792;474;318
19.06.2019 10:00;664;369;295
19.06.2019 11:00;723;351;372
19.06.2019 12:00;681;303;378
19.06.2019 13:00;746;365;381
19.06.2019 14:00;729;303;426
19.06.2019 15:00;872;355;517
19.06.2019 16:00;924;415;509
19.06.2019 17:00;1149;538;611
19.06.2019 18:00;1001;496;505
19.06.2019 19:00;835;427;408
19.06.2019 20:00;687;375;312
19.06.2019 21:00;590;290;300
19.06.2019 22:00;537;176;361
19.06.2019 23:00;222;57;165
20.06.2019 0:00;198;59;139
20.06.2019 1:00;102;38;64
20.06.2019 2:00;62;26;36
20.06.2019 3:00;31;14;17
20.06.2019 4:00;20;11;9
20.06.2019 5:00;25;17;8
20.06.2019 6:00;66;52;14
20.06.2019 7:00;98;64;34
20.06.2019 8:00;174;98;76
20.06.2019 9:00;293;162;131
20.06.2019 10:00;345;193;152
20.06.2019 11:00;334;159;175
20.06.2019 12:00;336;160;176
20.06.2019 13:00;294;143;151
20.06.2019 14:00;296;183;113
20.06.2019 15:00;317;172;145
20.06.2019 16:00;421;220;201
20.06.2019 17:00;449;231;218
20.06.2019 18:00;456;215;241
20.06.2019 19:00;314;136;178
20.06.2019 20:00;251;118;133
20.06.2019 21:00;247;108;139
20.06.2019 22:00;183;78;105
20.06.2019 23:00;123;51;72
21.06.2019 0:00;91;37;54
21.06.2019 1:00;48;11;37
21.06.2019 2:00;30;13;17
21.06.2019 3:00;10;2;8
21.06.2019 4:00;8;6;2
21.06.2019 5:00;33;21;12
21.06.2019 6:00;127;93;34
21.06.2019 7:00;317;195;122
21.06.2019 8:00;545;349;196
21.06.2019 9:00;690;410;280
21.06.2019 10:00;661;385;276
21.06.2019 11:00;724;404;320
21.06.2019 12:00;747;333;414
21.06.2019 13:00;706;335;371
21.06.2019 14:00;639;311;328
21.06.2019 15:00;650;323;327
21.06.2019 16:00;660;312;348
21.06.2019 17:00;772;344;428
21.06.2019 18:00;651;271;380
21.06.2019 19:00;550;240;310
21.06.2019 20:00;457;209;248
21.06.2019 21:00;349;169;180
21.06.2019 22:00;259;101;158
21.06.2019 23:00;206;71;135
22.06.2019 0:00;162;43;119
22.06.2019 1:00;107;36;71
22.06.2019 2:00;78;44;34
22.06.2019 3:00;38;21;17
22.06.2019 4:00;20;8;12
22.06.2019 5:00;36;19;17
22.06.2019 6:00;41;25;16
22.06.2019 7:00;85;53;32
22.06.2019 8:00;176;114;62
22.06.2019 9:00;354;225;129
22.06.2019 10:00;429;251;178
22.06.2019 11:00;490;301;189
22.06.2019 12:00;517;288;229
22.06.2019 13:00;527;276;251
22.06.2019 14:00;484;257;227
22.06.2019 15:00;449;221;228
22.06.2019 16:00;555;268;287
22.06.2019 17:00;541;262;279
22.06.2019 18:00;462;211;251
22.06.2019 19:00;395;184;211
22.06.2019 20:00;317;149;168
22.06.2019 21:00;283;140;143
22.06.2019 22:00;205;97;108
22.06.2019 23:00;206;83;123
23.06.2019 0:00;141;51;90
23.06.2019 1:00;99;28;71
23.06.2019 2:00;65;14;51
23.06.2019 3:00;48;12;36
23.06.2019 4:00;30;11;19
23.06.2019 5:00;21;11;10
23.06.2019 6:00;37;17;20
23.06.2019 7:00;55;35;20
23.06.2019 8:00;123;67;56
23.06.2019 9:00;273;159;114
23.06.2019 10:00;362;195;167
23.06.2019 11:00;403;186;217
23.06.2019 12:00;457;221;236
23.06.2019 13:00;527;243;284
23.06.2019 14:00;554;272;282
23.06.2019 15:00;541;277;264
23.06.2019 16:00;507;261;246
23.06.2019 17:00;610;314;296
23.06.2019 18:00;644;310;334
23.06.2019 19:00;581;272;309
23.06.2019 20:00;428;202;226
23.06.2019 21:00;341;138;203
23.06.2019 22:00;205;90;115
23.06.2019 23:00;108;49;59
24.06.2019 0:00;55;21;34
24.06.2019 1:00;32;18;14
24.06.2019 2:00;3;0;3
24.06.2019 3:00;2;0;2
24.06.2019 4:00;8;6;2
24.06.2019 5:00;65;40;25
24.06.2019 6:00;222;135;87
24.06.2019 7:00;1131;732;399
24.06.2019 8:00;871;496;375
24.06.2019 9:00;863;549;314
24.06.2019 10:00;563;347;216
24.06.2019 11:00;828;394;434
24.06.2019 12:00;745;314;431
24.06.2019 13:00;1094;464;630
24.06.2019 14:00;810;383;427
24.06.2019 15:00;1083;475;608
24.06.2019 16:00;1067;542;525
24.06.2019 17:00;1275;594;681
24.06.2019 18:00;1035;516;519
24.06.2019 19:00;931;431;500
24.06.2019 20:00;661;287;374
24.06.2019 21:00;569;191;378
24.06.2019 22:00;366;124;242
24.06.2019 23:00;195;63;132
25.06.2019 0:00;81;24;57
25.06.2019 1:00;34;16;18
25.06.2019 2:00;8;4;4
25.06.2019 3:00;4;3;1
25.06.2019 4:00;3;2;1
25.06.2019 5:00;57;40;17
25.06.2019 6:00;248;160;88
25.06.2019 7:00;1246;837;409
25.06.2019 8:00;1009;572;437
25.06.2019 9:00;934;582;352
25.06.2019 10:00;595;338;257
25.06.2019 11:00;813;379;434
25.06.2019 12:00;832;329;503
25.06.2019 13:00;1016;430;586
25.06.2019 14:00;696;328;368
25.06.2019 15:00;1156;502;654
25.06.2019 16:00;1171;541;630
25.06.2019 17:00;1283;627;656
25.06.2019 18:00;1192;534;658
25.06.2019 19:00;1023;488;535
25.06.2019 20:00;731;351;380
25.06.2019 21:00;613;218;395
25.06.2019 22:00;455;163;292
25.06.2019 23:00;222;75;147
26.06.2019 0:00;112;40;72
26.06.2019 1:00;44;18;26
26.06.2019 2:00;25;13;12
26.06.2019 3:00;2;2;0
26.06.2019 4:00;9;4;5
26.06.2019 5:00;67;45;22
26.06.2019 6:00;236;150;86
26.06.2019 7:00;1283;867;416
26.06.2019 8:00;987;602;385
26.06.2019 9:00;980;577;403
26.06.2019 10:00;582;304;278
26.06.2019 11:00;694;304;390
26.06.2019 12:00;801;352;449
26.06.2019 13:00;1084;459;625
26.06.2019 14:00;768;331;437
26.06.2019 15:00;971;429;542
26.06.2019 16:00;951;427;524
26.06.2019 17:00;1238;530;708
26.06.2019 18:00;1143;541;602
26.06.2019 19:00;927;491;436
26.06.2019 20:00;830;416;414
26.06.2019 21:00;646;256;390
26.06.2019 22:00;493;148;345
26.06.2019 23:00;287;90;197
27.06.2019 0:00;143;39;104
27.06.2019 1:00;60;17;43
27.06.2019 2:00;22;8;14
27.06.2019 3:00;9;6;3
27.06.2019 4:00;12;7;5
27.06.2019 5:00;70;51;19
27.06.2019 6:00;221;152;69
27.06.2019 7:00;1247;822;425
27.06.2019 8:00;983;583;400
27.06.2019 9:00;947;569;378
27.06.2019 10:00;586;332;254
27.06.2019 11:00;723;350;373
27.06.2019 12:00;782;310;472
27.06.2019 13:00;1088;409;679
27.06.2019 14:00;699;347;352
27.06.2019 15:00;976;432;544
27.06.2019 16:00;1069;507;562
27.06.2019 17:00;1349;621;728
27.06.2019 18:00;1175;572;603
27.06.2019 19:00;942;452;490
27.06.2019 20:00;641;305;336
27.06.2019 21:00;592;239;353
27.06.2019 22:00;519;182;337
27.06.2019 23:00;268;66;202
28.06.2019 0:00;114;30;84
28.06.2019 1:00;48;15;33
28.06.2019 2:00;17;8;9
28.06.2019 3:00;7;5;2
28.06.2019 4:00;7;4;3
28.06.2019 5:00;65;41;24
28.06.2019 6:00;197;129;68
28.06.2019 7:00;1070;710;360
28.06.2019 8:00;913;541;372
28.06.2019 9:00;874;502;372
28.06.2019 10:00;678;368;310
28.06.2019 11:00;724;360;364
28.06.2019 12:00;875;398;477
28.06.2019 13:00;1099;409;690
28.06.2019 14:00;844;406;438
28.06.2019 15:00;888;425;463
28.06.2019 16:00;963;476;487
28.06.2019 17:00;885;428;457
28.06.2019 18:00;900;430;470
28.06.2019 19:00;844;388;456
28.06.2019 20:00;636;304;332
28.06.2019 21:00;638;283;355
28.06.2019 22:00;442;210;232
28.06.2019 23:00;319;120;199
29.06.2019 0:00;245;77;168
29.06.2019 1:00;174;57;117
29.06.2019 2:00;69;21;48
29.06.2019 3:00;45;14;31
29.06.2019 4:00;28;13;15
29.06.2019 5:00;30;22;8
29.06.2019 6:00;75;47;28
29.06.2019 7:00;167;89;78
29.06.2019 8:00;341;188;153
29.06.2019 9:00;612;363;249
29.06.2019 10:00;655;374;281
29.06.2019 11:00;667;350;317
29.06.2019 12:00;693;341;352
29.06.2019 13:00;729;372;357
29.06.2019 14:00;653;292;361
29.06.2019 15:00;652;328;324
29.06.2019 16:00;705;380;325
29.06.2019 17:00;671;386;285
29.06.2019 18:00;679;417;262
29.06.2019 19:00;456;301;155
29.06.2019 20:00;301;186;115
29.06.2019 21:00;258;138;120
29.06.2019 22:00;267;104;163
29.06.2019 23:00;220;81;139
30.06.2019 0:00;243;65;178
30.06.2019 1:00;227;35;192
30.06.2019 2:00;142;33;109
30.06.2019 3:00;91;14;77
30.06.2019 4:00;42;15;27
30.06.2019 5:00;42;26;16
30.06.2019 6:00;95;53;42
30.06.2019 7:00;143;93;50
30.06.2019 8:00;249;149;100
30.06.2019 9:00;404;236;168
30.06.2019 10:00;334;191;143
30.06.2019 11:00;382;193;189
30.06.2019 12:00;357;150;207
30.06.2019 13:00;342;177;165
30.06.2019 14:00;403;184;219
30.06.2019 15:00;364;165;199
30.06.2019 16:00;380;175;205
30.06.2019 17:00;475;209;266
30.06.2019 18:00;545;271;274
30.06.2019 19:00;541;263;278
30.06.2019 20:00;482;217;265
30.06.2019 21:00;401;147;254
30.06.2019 22:00;269;106;163
30.06.2019 23:00;142;59;83
01.07.2019 0:00;78;32;46
01.07.2019 1:00;32;12;20
01.07.2019 2:00;20;9;11
01.07.2019 3:00;7;4;3
01.07.2019 4:00;13;8;5
01.07.2019 5:00;68;51;17
01.07.2019 6:00;194;119;75
01.07.2019 7:00;1084;708;376
01.07.2019 8:00;861;497;364
01.07.2019 9:00;827;503;324
01.07.2019 10:00;532;283;249
01.07.2019 11:00;726;335;391
01.07.2019 12:00;698;309;389
01.07.2019 13:00;895;328;567
01.07.2019 14:00;720;368;352
01.07.2019 15:00;869;431;438
01.07.2019 16:00;832;367;465
01.07.2019 17:00;945;395;550
01.07.2019 18:00;904;409;495
01.07.2019 19:00;725;295;430
01.07.2019 20:00;558;213;345
01.07.2019 21:00;401;139;262
01.07.2019 22:00;314;94;220
01.07.2019 23:00;140;48;92
02.07.2019 0:00;67;38;29
02.07.2019 1:00;32;6;26
02.07.2019 2:00;12;6;6
02.07.2019 3:00;6;3;3
02.07.2019 4:00;12;8;4
02.07.2019 5:00;55;34;21
02.07.2019 6:00;186;115;71
02.07.2019 7:00;954;585;369
02.07.2019 8:00;889;484;405
02.07.2019 9:00;792;476;316
02.07.2019 10:00;554;309;245
02.07.2019 11:00;701;333;368
02.07.2019 12:00;744;297;447
02.07.2019 13:00;895;373;522
02.07.2019 14:00;755;364;391
02.07.2019 15:00;1044;483;561
02.07.2019 16:00;1028;520;508
02.07.2019 17:00;1307;591;716
02.07.2019 18:00;1127;514;613
02.07.2019 19:00;946;440;506
02.07.2019 20:00;674;320;354
02.07.2019 21:00;498;197;301
02.07.2019 22:00;395;140;255
02.07.2019 23:00;200;73;127
03.07.2019 0:00;92;44;48
03.07.2019 1:00;45;14;31
03.07.2019 2:00;34;13;21
03.07.2019 3:00;6;4;2
03.07.2019 4:00;18;11;7
03.07.2019 5:00;66;47;19
03.07.2019 6:00;207;118;89
03.07.2019 7:00;1250;802;448
03.07.2019 8:00;933;522;411
03.07.2019 9:00;749;414;335
03.07.2019 10:00;542;323;219
03.07.2019 11:00;618;246;372
03.07.2019 12:00;778;316;462
03.07.2019 13:00;1046;440;606
03.07.2019 14:00;762;320;442
03.07.2019 15:00;947;445;502
03.07.2019 16:00;1106;551;555
03.07.2019 17:00;1272;551;721
03.07.2019 18:00;1177;532;645
03.07.2019 19:00;887;436;451
03.07.2019 20:00;692;327;365
03.07.2019 21:00;576;244;332
03.07.2019 22:00;476;202;274
03.07.2019 23:00;245;90;155
04.07.2019 0:00;131;46;85
04.07.2019 1:00;93;31;62
04.07.2019 2:00;28;16;12
04.07.2019 3:00;13;7;6
04.07.2019 4:00;12;6;6
04.07.2019 5:00;60;40;20
04.07.2019 6:00;203;122;81
04.07.2019 7:00;1046;652;394
04.07.2019 8:00;903;552;351
04.07.2019 9:00;920;540;380
04.07.2019 10:00;642;369;273
04.07.2019 11:00;732;375;357
04.07.2019 12:00;792;330;462
04.07.2019 13:00;1037;449;588
04.07.2019 14:00;756;372;384
04.07.2019 15:00;1037;496;541
04.07.2019 16:00;1092;541;551
04.07.2019 17:00;1247;573;674
04.07.2019 18:00;1179;559;620
04.07.2019 19:00;885;407;478
04.07.2019 20:00;681;290;391
04.07.2019 21:00;580;239;341
04.07.2019 22:00;473;201;272
04.07.2019 23:00;244;104;140
05.07.2019 0:00;156;49;107
05.07.2019 1:00;61;22;39
05.07.2019 2:00;23;11;12
05.07.2019 3:00;9;2;7
05.07.2019 4:00;19;11;8
05.07.2019 5:00;66;43;23
05.07.2019 6:00;177;109;68
05.07.2019 7:00;1056;684;372
05.07.2019 8:00;941;548;393
05.07.2019 9:00;884;550;334
05.07.2019 10:00;670;385;285
05.07.2019 11:00;773;384;389
05.07.2019 12:00;982;464;518
05.07.2019 13:00;1186;414;772
05.07.2019 14:00;881;391;490
05.07.2019 15:00;911;441;470
05.07.2019 16:00;848;425;423
05.07.2019 17:00;1010;499;511
05.07.2019 18:00;1152;587;565
05.07.2019 19:00;943;537;406
05.07.2019 20:00;798;483;315
05.07.2019 21:00;582;291;291
05.07.2019 22:00;603;230;373
05.07.2019 23:00;430;96;334
06.07.2019 0:00;350;77;273
06.07.2019 1:00;158;34;124
06.07.2019 2:00;123;19;104
06.07.2019 3:00;60;19;41
06.07.2019 4:00;34;13;21
06.07.2019 5:00;36;20;16
06.07.2019 6:00;54;30;24
06.07.2019 7:00;146;70;76
06.07.2019 8:00;358;221;137
06.07.2019 9:00;595;406;189
06.07.2019 10:00;701;396;305
06.07.2019 11:00;869;473;396
06.07.2019 12:00;721;399;322
06.07.2019 13:00;717;322;395
06.07.2019 14:00;717;355;362
06.07.2019 15:00;811;387;424
06.07.2019 16:00;710;288;422
06.07.2019 17:00;505;253;252
06.07.2019 18:00;593;268;325
06.07.2019 19:00;536;225;311
06.07.2019 20:00;467;219;248
06.07.2019 21:00;431;207;224
06.07.2019 22:00;300;122;178
06.07.2019 23:00;263;124;139
07.07.2019 0:00;211;57;154
07.07.2019 1:00;149;60;89
07.07.2019 2:00;63;27;36
07.07.2019 3:00;38;18;20
07.07.2019 4:00;27;12;15
07.07.2019 5:00;25;11;14
07.07.2019 6:00;22;15;7
07.07.2019 7:00;23;9;14
07.07.2019 8:00;58;28;30
07.07.2019 9:00;206;118;88
07.07.2019 10:00;293;156;137
07.07.2019 11:00;379;229;150
07.07.2019 12:00;378;189;189
07.07.2019 13:00;462;232;230
07.07.2019 14:00;545;240;305
07.07.2019 15:00;253;140;113
07.07.2019 16:00;445;207;238
07.07.2019 17:00;341;174;167
07.07.2019 18:00;404;208;196
07.07.2019 19:00;362;191;171
07.07.2019 20:00;361;170;191
07.07.2019 21:00;244;118;126
07.07.2019 22:00;162;63;99
07.07.2019 23:00;106;40;66
08.07.2019 0:00;55;11;44
08.07.2019 1:00;26;8;18
08.07.2019 2:00;5;3;2
08.07.2019 3:00;5;3;2
08.07.2019 4:00;6;4;2
08.07.2019 5:00;40;31;9
08.07.2019 6:00;192;123;69
08.07.2019 7:00;1060;679;381
08.07.2019 8:00;954;583;371
08.07.2019 9:00;920;519;401
08.07.2019 10:00;750;422;328
08.07.2019 11:00;761;374;387
08.07.2019 12:00;955;435;520
08.07.2019 13:00;1232;518;714
08.07.2019 14:00;962;502;460
08.07.2019 15:00;1209;599;610
08.07.2019 16:00;1294;574;720
08.07.2019 17:00;1375;555;820
08.07.2019 18:00;1264;536;728
08.07.2019 19:00;896;403;493
08.07.2019 20:00;642;302;340
08.07.2019 21:00;455;192;263
08.07.2019 22:00;360;120;240
08.07.2019 23:00;175;78;97
09.07.2019 0:00;75;33;42
09.07.2019 1:00;39;20;19
09.07.2019 2:00;15;7;8
09.07.2019 3:00;8;4;4
09.07.2019 4:00;19;11;8
09.07.2019 5:00;80;58;22
09.07.2019 6:00;249;155;94
09.07.2019 7:00;1334;875;459
09.07.2019 8:00;1227;749;478
09.07.2019 9:00;667;391;276
09.07.2019 10:00;1;0;1
09.07.2019 11:00;0;0;0
09.07.2019 12:00;0;0;0
09.07.2019 13:00;0;0;0
09.07.2019 14:00;364;185;179
09.07.2019 15:00;1443;669;774
09.07.2019 16:00;1533;706;827
09.07.2019 17:00;1785;815;970
09.07.2019 18:00;1494;669;825
09.07.2019 19:00;1175;571;604
09.07.2019 20:00;805;367;438
09.07.2019 21:00;610;246;364
09.07.2019 22:00;514;183;331
09.07.2019 23:00;211;76;135
10.07.2019 0:00;107;44;63
10.07.2019 1:00;63;21;42
10.07.2019 2:00;14;5;9
10.07.2019 3:00;5;2;3
10.07.2019 4:00;13;10;3
10.07.2019 5:00;82;59;23
10.07.2019 6:00;297;189;108
10.07.2019 7:00;1506;960;546
10.07.2019 8:00;1269;776;493
10.07.2019 9:00;1157;683;474
10.07.2019 10:00;973;536;437
10.07.2019 11:00;1062;534;528
10.07.2019 12:00;1256;551;705
10.07.2019 13:00;1553;742;811
10.07.2019 14:00;1235;578;657
10.07.2019 15:00;1368;623;745
10.07.2019 16:00;1540;722;818
10.07.2019 17:00;1765;824;941
10.07.2019 18:00;1550;747;803
10.07.2019 19:00;1220;589;631
10.07.2019 20:00;792;386;406
10.07.2019 21:00;696;314;382
10.07.2019 22:00;579;208;371
10.07.2019 23:00;297;99;198
11.07.2019 0:00;129;39;90
11.07.2019 1:00;56;24;32
11.07.2019 2:00;35;14;21
11.07.2019 3:00;16;5;11
11.07.2019 4:00;16;9;7
11.07.2019 5:00;83;63;20
11.07.2019 6:00;256;165;91
11.07.2019 7:00;1331;832;499
11.07.2019 8:00;1263;710;553
11.07.2019 9:00;1064;665;399
11.07.2019 10:00;801;474;327
11.07.2019 11:00;960;472;488
11.07.2019 12:00;1104;495;609
11.07.2019 13:00;1202;551;651
11.07.2019 14:00;1023;505;518
11.07.2019 15:00;1184;532;652
11.07.2019 16:00;1075;530;545
11.07.2019 17:00;1339;606;733
11.07.2019 18:00;1292;598;694
11.07.2019 19:00;932;464;468
11.07.2019 20:00;665;313;352
11.07.2019 21:00;492;204;288
11.07.2019 22:00;514;194;320
11.07.2019 23:00;257;86;171
12.07.2019 0:00;160;47;113
12.07.2019 1:00;59;21;38
12.07.2019 2:00;29;15;14
12.07.2019 3:00;11;8;3
12.07.2019 4:00;13;10;3
12.07.2019 5:00;63;43;20
12.07.2019 6:00;239;159;80
12.07.2019 7:00;685;423;262
12.07.2019 8:00;666;399;267
12.07.2019 9:00;535;330;205
12.07.2019 10:00;358;202;156
12.07.2019 11:00;374;192;182
12.07.2019 12:00;731;364;367
12.07.2019 13:00;879;391;488
12.07.2019 14:00;880;467;413
12.07.2019 15:00;962;485;477
12.07.2019 16:00;839;406;433
12.07.2019 17:00;814;351;463
12.07.2019 18:00;909;452;457
12.07.2019 19:00;581;275;306
12.07.2019 20:00;434;198;236
12.07.2019 21:00;334;135;199
12.07.2019 22:00;278;123;155
12.07.2019 23:00;200;64;136
13.07.2019 0:00;168;45;123
13.07.2019 1:00;124;50;74
13.07.2019 2:00;54;20;34
13.07.2019 3:00;45;15;30
13.07.2019 4:00;29;17;12
13.07.2019 5:00;33;20;13
13.07.2019 6:00;79;57;22
13.07.2019 7:00;156;101;55
13.07.2019 8:00;394;258;136
13.07.2019 9:00;680;411;269
13.07.2019 10:00;911;586;325
13.07.2019 11:00;1021;571;450
13.07.2019 12:00;971;539;432
13.07.2019 13:00;942;505;437
13.07.2019 14:00;1010;485;525
13.07.2019 15:00;1001;466;535
13.07.2019 16:00;1009;460;549
13.07.2019 17:00;977;408;569
13.07.2019 18:00;1013;505;508
13.07.2019 19:00;872;440;432
13.07.2019 20:00;620;289;331
13.07.2019 21:00;481;228;253
13.07.2019 22:00;392;144;248
13.07.2019 23:00;331;117;214
14.07.2019 0:00;244;88;156
14.07.2019 1:00;174;72;102
14.07.2019 2:00;77;35;42
14.07.2019 3:00;50;19;31
14.07.2019 4:00;30;15;15
14.07.2019 5:00;44;24;20
14.07.2019 6:00;50;27;23
14.07.2019 7:00;108;63;45
14.07.2019 8:00;217;114;103
14.07.2019 9:00;479;284;195
14.07.2019 10:00;561;284;277
14.07.2019 11:00;745;402;343
14.07.2019 12:00;747;364;383
14.07.2019 13:00;759;367;392
14.07.2019 14:00;908;423;485
14.07.2019 15:00;889;439;450
14.07.2019 16:00;876;430;446
14.07.2019 17:00;1003;501;502
14.07.2019 18:00;761;372;389
14.07.2019 19:00;612;302;310
14.07.2019 20:00;458;232;226
14.07.2019 21:00;324;149;175
14.07.2019 22:00;203;89;114
14.07.2019 23:00;104;43;61
15.07.2019 0:00;58;20;38
15.07.2019 1:00;13;4;9
15.07.2019 2:00;17;6;11
15.07.2019 3:00;10;3;7
15.07.2019 4:00;8;6;2
15.07.2019 5:00;70;49;21
15.07.2019 6:00;271;176;95
15.07.2019 7:00;1330;888;442
15.07.2019 8:00;1143;720;423
15.07.2019 9:00;1009;569;440
15.07.2019 10:00;890;499;391
15.07.2019 11:00;988;468;520
15.07.2019 12:00;1089;521;568
15.07.2019 13:00;1294;587;707
15.07.2019 14:00;1081;539;542
15.07.2019 15:00;1485;736;749
15.07.2019 16:00;1468;647;821
15.07.2019 17:00;1649;766;883
15.07.2019 18:00;1507;681;826
15.07.2019 19:00;1164;572;592
15.07.2019 20:00;821;346;475
15.07.2019 21:00;590;243;347
15.07.2019 22:00;392;147;245
15.07.2019 23:00;198;67;131
16.07.2019 0:00;94;29;65
16.07.2019 1:00;50;15;35
16.07.2019 2:00;25;16;9
16.07.2019 3:00;14;8;6
16.07.2019 4:00;10;6;4
16.07.2019 5:00;92;64;28
16.07.2019 6:00;283;173;110
16.07.2019 7:00;1397;934;463
16.07.2019 8:00;1302;790;512
16.07.2019 9:00;1305;770;535
16.07.2019 10:00;1005;567;438
16.07.2019 11:00;1199;595;604
16.07.2019 12:00;1308;531;777
16.07.2019 13:00;1436;615;821
16.07.2019 14:00;1220;571;649
16.07.2019 15:00;1536;726;810
16.07.2019 16:00;1629;773;856
16.07.2019 17:00;1815;855;960
16.07.2019 18:00;1703;779;924
16.07.2019 19:00;1289;636;653
16.07.2019 20:00;990;494;496
16.07.2019 21:00;718;318;400
16.07.2019 22:00;485;170;315
16.07.2019 23:00;314;86;228
17.07.2019 0:00;117;45;72
17.07.2019 1:00;61;20;41
17.07.2019 2:00;32;20;12
17.07.2019 3:00;13;7;6
17.07.2019 4:00;16;7;9
17.07.2019 5:00;98;73;25
17.07.2019 6:00;292;182;110
17.07.2019 7:00;1398;872;526
17.07.2019 8:00;1273;788;485
17.07.2019 9:00;1201;743;458
17.07.2019 10:00;935;526;409
17.07.2019 11:00;1088;549;539
17.07.2019 12:00;1288;593;695
17.07.2019 13:00;1531;624;907
17.07.2019 14:00;1238;571;667
17.07.2019 15:00;1405;682;723
17.07.2019 16:00;1592;761;831
17.07.2019 17:00;1815;874;941
17.07.2019 18:00;1746;955;791
17.07.2019 19:00;1304;675;629
17.07.2019 20:00;931;447;484
17.07.2019 21:00;799;310;489
17.07.2019 22:00;663;232;431
17.07.2019 23:00;325;119;206
18.07.2019 0:00;171;60;111
18.07.2019 1:00;60;15;45
18.07.2019 2:00;28;12;16
18.07.2019 3:00;23;14;9
18.07.2019 4:00;15;9;6
18.07.2019 5:00;95;67;28
18.07.2019 6:00;306;201;105
18.07.2019 7:00;1310;825;485
18.07.2019 8:00;1297;779;518
18.07.2019 9:00;1146;674;472
18.07.2019 10:00;904;494;410
18.07.2019 11:00;1020;537;483
18.07.2019 12:00;1328;540;788
18.07.2019 13:00;1327;599;728
18.07.2019 14:00;1239;614;625
18.07.2019 15:00;1474;724;750
18.07.2019 16:00;1536;797;739
18.07.2019 17:00;1744;840;904
18.07.2019 18:00;1604;751;853
18.07.2019 19:00;1182;546;636
18.07.2019 20:00;924;393;531
18.07.2019 21:00;684;303;381
18.07.2019 22:00;572;234;338
18.07.2019 23:00;363;120;243
19.07.2019 0:00;160;50;110
19.07.2019 1:00;89;31;58
19.07.2019 2:00;30;19;11
19.07.2019 3:00;16;6;10
19.07.2019 4:00;14;7;7
19.07.2019 5:00;73;50;23
19.07.2019 6:00;277;174;103
19.07.2019 7:00;1141;760;381
19.07.2019 8:00;1193;733;460
19.07.2019 9:00;1184;782;402
19.07.2019 10:00;1101;628;473
19.07.2019 11:00;1374;667;707
19.07.2019 12:00;1377;573;804
19.07.2019 13:00;1540;657;883
19.07.2019 14:00;1312;614;698
19.07.2019 15:00;1342;644;698
19.07.2019 16:00;1311;645;666
19.07.2019 17:00;1332;639;693
19.07.2019 18:00;1307;660;647
19.07.2019 19:00;1098;589;509
19.07.2019 20:00;883;480;403
19.07.2019 21:00;685;294;391
19.07.2019 22:00;560;219;341
19.07.2019 23:00;439;143;296
20.07.2019 0:00;346;111;235
20.07.2019 1:00;153;65;88
20.07.2019 2:00;92;34;58
20.07.2019 3:00;49;25;24
20.07.2019 4:00;33;15;18
20.07.2019 5:00;54;31;23
20.07.2019 6:00;102;63;39
20.07.2019 7:00;162;90;72
20.07.2019 8:00;469;247;222
20.07.2019 9:00;786;510;276
20.07.2019 10:00;1056;628;428
20.07.2019 11:00;1106;632;474
20.07.2019 12:00;1203;608;595
20.07.2019 13:00;1121;497;624
20.07.2019 14:00;1072;500;572
20.07.2019 15:00;1079;486;593
20.07.2019 16:00;1001;489;512
20.07.2019 17:00;1031;531;500
20.07.2019 18:00;1179;668;511
20.07.2019 19:00;962;543;419
20.07.2019 20:00;732;420;312
20.07.2019 21:00;619;281;338
20.07.2019 22:00;461;191;270
20.07.2019 23:00;451;136;315
21.07.2019 0:00;334;90;244
21.07.2019 1:00;155;47;108
21.07.2019 2:00;99;29;70
21.07.2019 3:00;69;17;52
21.07.2019 4:00;35;21;14
21.07.2019 5:00;22;8;14
21.07.2019 6:00;37;21;16
21.07.2019 7:00;61;36;25
21.07.2019 8:00;140;63;77
21.07.2019 9:00;352;224;128
21.07.2019 10:00;434;254;180
21.07.2019 11:00;601;304;297
21.07.2019 12:00;654;321;333
21.07.2019 13:00;738;332;406
21.07.2019 14:00;848;411;437
21.07.2019 15:00;871;435;436
21.07.2019 16:00;773;352;421
21.07.2019 17:00;919;490;429
21.07.2019 18:00;946;516;430
21.07.2019 19:00;800;416;384
21.07.2019 20:00;602;283;319
21.07.2019 21:00;539;200;339
21.07.2019 22:00;334;104;230
21.07.2019 23:00;180;70;110
22.07.2019 0:00;118;75;43
22.07.2019 1:00;30;13;17
22.07.2019 2:00;14;5;9
22.07.2019 3:00;6;2;4
22.07.2019 4:00;10;9;1
22.07.2019 5:00;95;64;31
22.07.2019 6:00;282;194;88
22.07.2019 7:00;1216;758;458
22.07.2019 8:00;1359;881;478
22.07.2019 9:00;1032;636;396
22.07.2019 10:00;1097;564;533
22.07.2019 11:00;1166;577;589
22.07.2019 12:00;1288;528;760
22.07.2019 13:00;1194;515;679
22.07.2019 14:00;1175;582;593
22.07.2019 15:00;1307;647;660
22.07.2019 16:00;1560;742;818
22.07.2019 17:00;1643;734;909
22.07.2019 18:00;1485;679;806
22.07.2019 19:00;1228;581;647
22.07.2019 20:00;883;439;444
22.07.2019 21:00;668;239;429
22.07.2019 22:00;466;187;279
22.07.2019 23:00;239;74;165
23.07.2019 0:00;120;44;76
23.07.2019 1:00;62;27;35
23.07.2019 2:00;18;8;10
23.07.2019 3:00;17;8;9
23.07.2019 4:00;17;12;5
23.07.2019 5:00;92;63;29
23.07.2019 6:00;302;187;115
23.07.2019 7:00;1219;821;398
23.07.2019 8:00;1565;927;638
23.07.2019 9:00;1121;665;456
23.07.2019 10:00;1124;583;541
23.07.2019 11:00;1071;544;527
23.07.2019 12:00;1339;532;807
23.07.2019 13:00;1382;605;777
23.07.2019 14:00;1268;576;692
23.07.2019 15:00;1299;580;719
23.07.2019 16:00;1439;677;762
23.07.2019 17:00;1638;825;813
23.07.2019 18:00;1685;923;762
23.07.2019 19:00;1372;721;651
23.07.2019 20:00;914;407;507
23.07.2019 21:00;806;329;477
23.07.2019 22:00;593;165;428
23.07.2019 23:00;325;89;236
24.07.2019 0:00;162;57;105
24.07.2019 1:00;62;25;37
24.07.2019 2:00;41;25;16
24.07.2019 3:00;18;9;9
24.07.2019 4:00;18;11;7
24.07.2019 5:00;95;60;35
24.07.2019 6:00;318;206;112
24.07.2019 7:00;1242;781;461
24.07.2019 8:00;1499;883;616
24.07.2019 9:00;1048;608;440
24.07.2019 10:00;1028;572;456
24.07.2019 11:00;1087;571;516
24.07.2019 12:00;1339;546;793
24.07.2019 13:00;1341;593;748
24.07.2019 14:00;1149;534;615
24.07.2019 15:00;1160;573;587
24.07.2019 16:00;1350;605;745
24.07.2019 17:00;1443;714;729
24.07.2019 18:00;1449;704;745
24.07.2019 19:00;1197;623;574
24.07.2019 20:00;972;480;492
24.07.2019 21:00;724;319;405
24.07.2019 22:00;517;215;302
24.07.2019 23:00;385;110;275
25.07.2019 0:00;199;56;143
25.07.2019 1:00;87;25;62
25.07.2019 2:00;40;16;24
25.07.2019 3:00;16;6;10
25.07.2019 4:00;37;23;14
25.07.2019 5:00;96;67;29
25.07.2019 6:00;275;173;102
25.07.2019 7:00;1106;699;407
25.07.2019 8:00;1470;854;616
25.07.2019 9:00;1026;601;425
25.07.2019 10:00;1026;546;480
25.07.2019 11:00;1000;481;519
25.07.2019 12:00;1289;511;778
25.07.2019 13:00;847;434;413
25.07.2019 14:00;0;0;0
25.07.2019 15:00;0;0;0
25.07.2019 16:00;0;0;0
25.07.2019 17:00;0;0;0
25.07.2019 18:00;0;0;0
25.07.2019 19:00;0;0;0
25.07.2019 20:00;0;0;0
25.07.2019 21:00;0;0;0
25.07.2019 22:00;0;0;0
25.07.2019 23:00;0;0;0
26.07.2019 0:00;0;0;0
26.07.2019 1:00;0;0;0
26.07.2019 2:00;0;0;0
26.07.2019 3:00;0;0;0
26.07.2019 4:00;0;0;0
26.07.2019 5:00;0;0;0
26.07.2019 6:00;0;0;0
26.07.2019 7:00;0;0;0
26.07.2019 8:00;0;0;0
26.07.2019 9:00;0;0;0
26.07.2019 10:00;0;0;0
26.07.2019 11:00;0;0;0
26.07.2019 12:00;0;0;0
26.07.2019 13:00;0;0;0
26.07.2019 14:00;0;0;0
26.07.2019 15:00;0;0;0
26.07.2019 16:00;0;0;0
26.07.2019 17:00;0;0;0
26.07.2019 18:00;0;0;0
26.07.2019 19:00;0;0;0
26.07.2019 20:00;0;0;0
26.07.2019 21:00;0;0;0
26.07.2019 22:00;0;0;0
26.07.2019 23:00;0;0;0
27.07.2019 0:00;0;0;0
27.07.2019 1:00;0;0;0
27.07.2019 2:00;0;0;0
27.07.2019 3:00;0;0;0
27.07.2019 4:00;0;0;0
27.07.2019 5:00;0;0;0
27.07.2019 6:00;0;0;0
27.07.2019 7:00;0;0;0
27.07.2019 8:00;0;0;0
27.07.2019 9:00;0;0;0
27.07.2019 10:00;0;0;0
27.07.2019 11:00;0;0;0
27.07.2019 12:00;0;0;0
27.07.2019 13:00;0;0;0
27.07.2019 14:00;0;0;0
27.07.2019 15:00;0;0;0
27.07.2019 16:00;0;0;0
27.07.2019 17:00;0;0;0
27.07.2019 18:00;0;0;0
27.07.2019 19:00;0;0;0
27.07.2019 20:00;0;0;0
27.07.2019 21:00;0;0;0
27.07.2019 22:00;0;0;0
27.07.2019 23:00;0;0;0
28.07.2019 0:00;0;0;0
28.07.2019 1:00;0;0;0
28.07.2019 2:00;0;0;0
28.07.2019 3:00;0;0;0
28.07.2019 4:00;0;0;0
28.07.2019 5:00;0;0;0
28.07.2019 6:00;0;0;0
28.07.2019 7:00;0;0;0
28.07.2019 8:00;0;0;0
28.07.2019 9:00;0;0;0
28.07.2019 10:00;0;0;0
28.07.2019 11:00;0;0;0
28.07.2019 12:00;0;0;0
28.07.2019 13:00;0;0;0
28.07.2019 14:00;0;0;0
28.07.2019 15:00;0;0;0
28.07.2019 16:00;0;0;0
28.07.2019 17:00;0;0;0
28.07.2019 18:00;0;0;0
28.07.2019 19:00;0;0;0
28.07.2019 20:00;0;0;0
28.07.2019 21:00;0;0;0
28.07.2019 22:00;0;0;0
28.07.2019 23:00;0;0;0
29.07.2019 0:00;0;0;0
29.07.2019 1:00;0;0;0
29.07.2019 2:00;0;0;0
29.07.2019 3:00;0;0;0
29.07.2019 4:00;0;0;0
29.07.2019 5:00;0;0;0
29.07.2019 6:00;0;0;0
29.07.2019 7:00;0;0;0
29.07.2019 8:00;0;0;0
29.07.2019 9:00;0;0;0
29.07.2019 10:00;0;0;0
29.07.2019 11:00;0;0;0
29.07.2019 12:00;0;0;0
29.07.2019 13:00;0;0;0
29.07.2019 14:00;0;0;0
29.07.2019 15:00;0;0;0
29.07.2019 16:00;0;0;0
29.07.2019 17:00;0;0;0
29.07.2019 18:00;0;0;0
29.07.2019 19:00;0;0;0
29.07.2019 20:00;0;0;0
29.07.2019 21:00;0;0;0
29.07.2019 22:00;0;0;0
29.07.2019 23:00;0;0;0
30.07.2019 0:00;0;0;0
30.07.2019 1:00;0;0;0
30.07.2019 2:00;0;0;0
30.07.2019 3:00;0;0;0
30.07.2019 4:00;0;0;0
30.07.2019 5:00;0;0;0
30.07.2019 6:00;0;0;0
30.07.2019 7:00;0;0;0
30.07.2019 8:00;0;0;0
30.07.2019 9:00;260;138;122
30.07.2019 10:00;973;538;435
30.07.2019 11:00;1124;547;577
30.07.2019 12:00;1099;509;590
30.07.2019 13:00;1088;499;589
30.07.2019 14:00;1077;533;544
30.07.2019 15:00;1184;564;620
30.07.2019 16:00;1374;668;706
30.07.2019 17:00;1501;726;775
30.07.2019 18:00;1372;654;718
30.07.2019 19:00;1095;529;566
30.07.2019 20:00;823;352;471
30.07.2019 21:00;679;291;388
30.07.2019 22:00;441;195;246
30.07.2019 23:00;252;73;179
31.07.2019 0:00;92;41;51
31.07.2019 1:00;80;30;50
31.07.2019 2:00;32;11;21
31.07.2019 3:00;8;5;3
31.07.2019 4:00;8;6;2
31.07.2019 5:00;50;33;17
31.07.2019 6:00;212;134;78
31.07.2019 7:00;537;333;204
31.07.2019 8:00;846;504;342
31.07.2019 9:00;760;491;269
31.07.2019 10:00;779;460;319
31.07.2019 11:00;879;446;433
31.07.2019 12:00;959;456;503
31.07.2019 13:00;883;425;458
31.07.2019 14:00;964;482;482
31.07.2019 15:00;1044;521;523
31.07.2019 16:00;1368;703;665
31.07.2019 17:00;1392;695;697
31.07.2019 18:00;1384;770;614
31.07.2019 19:00;1241;810;431
31.07.2019 20:00;905;542;363
31.07.2019 21:00;677;285;392
31.07.2019 22:00;534;170;364
31.07.2019 23:00;483;77;406
01.08.2019 0:00;416;31;385
01.08.2019 1:00;303;15;288
01.08.2019 2:00;76;19;57
01.08.2019 3:00;37;12;25
01.08.2019 4:00;23;8;15
01.08.2019 5:00;69;39;30
01.08.2019 6:00;192;99;93
01.08.2019 7:00;531;291;240
01.08.2019 8:00;933;520;413
01.08.2019 9:00;916;559;357
01.08.2019 10:00;971;527;444
01.08.2019 11:00;1109;547;562
01.08.2019 12:00;1150;566;584
01.08.2019 13:00;1118;489;629
01.08.2019 14:00;1145;593;552
01.08.2019 15:00;1217;593;624
01.08.2019 16:00;1319;663;656
01.08.2019 17:00;1514;784;730
01.08.2019 18:00;1465;804;661
01.08.2019 19:00;1181;681;500
01.08.2019 20:00;917;500;417
01.08.2019 21:00;631;296;335
01.08.2019 22:00;502;187;315
01.08.2019 23:00;367;74;293
02.08.2019 0:00;299;41;258
02.08.2019 1:00;216;30;186
02.08.2019 2:00;42;15;27
02.08.2019 3:00;31;15;16
02.08.2019 4:00;15;5;10
02.08.2019 5:00;60;42;18
02.08.2019 6:00;191;115;76
02.08.2019 7:00;544;322;222
02.08.2019 8:00;809;503;306
02.08.2019 9:00;848;552;296
02.08.2019 10:00;835;502;333
02.08.2019 11:00;1009;570;439
02.08.2019 12:00;745;343;402
02.08.2019 13:00;861;398;463
02.08.2019 14:00;914;485;429
02.08.2019 15:00;948;488;460
02.08.2019 16:00;1064;525;539
02.08.2019 17:00;1035;517;518
02.08.2019 18:00;1130;612;518
02.08.2019 19:00;931;502;429
02.08.2019 20:00;721;443;278
02.08.2019 21:00;526;242;284
02.08.2019 22:00;479;145;334
02.08.2019 23:00;387;97;290
03.08.2019 0:00;359;72;287
03.08.2019 1:00;279;39;240
03.08.2019 2:00;116;28;88
03.08.2019 3:00;61;15;46
03.08.2019 4:00;25;14;11
03.08.2019 5:00;28;22;6
03.08.2019 6:00;78;58;20
03.08.2019 7:00;117;64;53
03.08.2019 8:00;309;182;127
03.08.2019 9:00;701;437;264
03.08.2019 10:00;853;487;366
03.08.2019 11:00;1106;625;481
03.08.2019 12:00;1046;559;487
03.08.2019 13:00;1001;484;517
03.08.2019 14:00;950;463;487
03.08.2019 15:00;1013;468;545
03.08.2019 16:00;1000;468;532
03.08.2019 17:00;1018;462;556
03.08.2019 18:00;953;528;425
03.08.2019 19:00;846;461;385
03.08.2019 20:00;672;370;302
03.08.2019 21:00;489;232;257
03.08.2019 22:00;392;185;207
03.08.2019 23:00;331;105;226
04.08.2019 0:00;319;91;228
04.08.2019 1:00;229;54;175
04.08.2019 2:00;143;53;90
04.08.2019 3:00;51;21;30
04.08.2019 4:00;43;20;23
04.08.2019 5:00;33;18;15
04.08.2019 6:00;48;33;15
04.08.2019 7:00;89;56;33
04.08.2019 8:00;153;80;73
04.08.2019 9:00;386;206;180
04.08.2019 10:00;555;243;312
04.08.2019 11:00;733;344;389
04.08.2019 12:00;748;339;409
04.08.2019 13:00;798;338;460
04.08.2019 14:00;815;357;458
04.08.2019 15:00;807;372;435
04.08.2019 16:00;778;402;376
04.08.2019 17:00;846;448;398
04.08.2019 18:00;912;523;389
04.08.2019 19:00;691;368;323
04.08.2019 20:00;575;282;293
04.08.2019 21:00;374;171;203
04.08.2019 22:00;236;104;132
04.08.2019 23:00;101;39;62
05.08.2019 0:00;61;33;28
05.08.2019 1:00;38;17;21
05.08.2019 2:00;6;3;3
05.08.2019 3:00;5;2;3
05.08.2019 4:00;14;10;4
05.08.2019 5:00;72;51;21
05.08.2019 6:00;247;177;70
05.08.2019 7:00;603;375;228
05.08.2019 8:00;767;483;284
05.08.2019 9:00;756;480;276
05.08.2019 10:00;839;493;346
05.08.2019 11:00;883;472;411
05.08.2019 12:00;1019;512;507
05.08.2019 13:00;930;452;478
05.08.2019 14:00;1048;522;526
05.08.2019 15:00;1077;483;594
05.08.2019 16:00;1157;533;624
05.08.2019 17:00;1315;602;713
05.08.2019 18:00;1177;523;654
05.08.2019 19:00;903;398;505
05.08.2019 20:00;687;308;379
05.08.2019 21:00;450;189;261
05.08.2019 22:00;259;82;177
05.08.2019 23:00;229;80;149
06.08.2019 0:00;89;35;54
06.08.2019 1:00;29;12;17
06.08.2019 2:00;15;7;8
06.08.2019 3:00;10;0;10
06.08.2019 4:00;14;12;2
06.08.2019 5:00;45;28;17
06.08.2019 6:00;114;68;46
06.08.2019 7:00;258;154;104
06.08.2019 8:00;513;314;199
06.08.2019 9:00;608;369;239
06.08.2019 10:00;701;441;260
06.08.2019 11:00;754;404;350
06.08.2019 12:00;504;169;335
06.08.2019 13:00;513;258;255
06.08.2019 14:00;518;247;271
06.08.2019 15:00;688;408;280
06.08.2019 16:00;866;431;435
06.08.2019 17:00;858;361;497
06.08.2019 18:00;703;287;416
06.08.2019 19:00;602;290;312
06.08.2019 20:00;387;175;212
06.08.2019 21:00;282;139;143
06.08.2019 22:00;206;75;131
06.08.2019 23:00;146;41;105
07.08.2019 0:00;83;35;48
07.08.2019 1:00;27;11;16
07.08.2019 2:00;14;8;6
07.08.2019 3:00;3;1;2
07.08.2019 4:00;11;9;2
07.08.2019 5:00;60;43;17
07.08.2019 6:00;198;127;71
07.08.2019 7:00;480;294;186
07.08.2019 8:00;660;402;258
07.08.2019 9:00;711;454;257
07.08.2019 10:00;511;309;202
07.08.2019 11:00;449;241;208
07.08.2019 12:00;452;218;234
07.08.2019 13:00;433;218;215
07.08.2019 14:00;492;226;266
07.08.2019 15:00;601;307;294
07.08.2019 16:00;749;376;373
07.08.2019 17:00;937;472;465
07.08.2019 18:00;657;264;393
07.08.2019 19:00;515;216;299
07.08.2019 20:00;341;136;205
07.08.2019 21:00;250;105;145
07.08.2019 22:00;192;61;131
07.08.2019 23:00;107;39;68
08.08.2019 0:00;67;18;49
08.08.2019 1:00;42;9;33
08.08.2019 2:00;23;14;9
08.08.2019 3:00;8;3;5
08.08.2019 4:00;13;8;5
08.08.2019 5:00;57;39;18
08.08.2019 6:00;210;146;64
08.08.2019 7:00;489;287;202
08.08.2019 8:00;667;414;253
08.08.2019 9:00;738;471;267
08.08.2019 10:00;793;434;359
08.08.2019 11:00;994;579;415
08.08.2019 12:00;1021;477;544
08.08.2019 13:00;954;474;480
08.08.2019 14:00;991;475;516
08.08.2019 15:00;1180;583;597
08.08.2019 16:00;1207;565;642
08.08.2019 17:00;1465;694;771
08.08.2019 18:00;1423;692;731
08.08.2019 19:00;1174;647;527
08.08.2019 20:00;779;419;360
08.08.2019 21:00;663;261;402
08.08.2019 22:00;535;171;364
08.08.2019 23:00;380;71;309
09.08.2019 0:00;240;38;202
09.08.2019 1:00;101;9;92
09.08.2019 2:00;41;16;25
09.08.2019 3:00;22;6;16
09.08.2019 4:00;8;4;4
09.08.2019 5:00;66;45;21
09.08.2019 6:00;227;146;81
09.08.2019 7:00;502;315;187
09.08.2019 8:00;715;449;266
09.08.2019 9:00;809;522;287
09.08.2019 10:00;924;542;382
09.08.2019 11:00;1056;561;495
09.08.2019 12:00;1187;519;668
09.08.2019 13:00;1000;431;569
09.08.2019 14:00;1042;482;560
09.08.2019 15:00;1045;496;549
09.08.2019 16:00;1104;549;555
09.08.2019 17:00;1189;669;520
09.08.2019 18:00;1251;662;589
09.08.2019 19:00;1180;691;489
09.08.2019 20:00;856;546;310
09.08.2019 21:00;703;383;320
09.08.2019 22:00;498;215;283
09.08.2019 23:00;626;96;530
10.08.2019 0:00;438;64;374
10.08.2019 1:00;171;25;146
10.08.2019 2:00;106;25;81
10.08.2019 3:00;60;19;41
10.08.2019 4:00;17;8;9
10.08.2019 5:00;31;17;14
10.08.2019 6:00;33;24;9
10.08.2019 7:00;39;28;11
10.08.2019 8:00;105;68;37
10.08.2019 9:00;249;154;95
10.08.2019 10:00;348;201;147
10.08.2019 11:00;384;233;151
10.08.2019 12:00;474;291;183
10.08.2019 13:00;557;269;288
10.08.2019 14:00;777;440;337
10.08.2019 15:00;705;393;312
10.08.2019 16:00;777;387;390
10.08.2019 17:00;797;383;414
10.08.2019 18:00;851;421;430
10.08.2019 19:00;743;399;344
10.08.2019 20:00;703;319;384
10.08.2019 21:00;650;277;373
10.08.2019 22:00;248;104;144
10.08.2019 23:00;816;430;386
11.08.2019 0:00;511;221;290
11.08.2019 1:00;288;105;183
11.08.2019 2:00;155;54;101
11.08.2019 3:00;80;23;57
11.08.2019 4:00;51;15;36
11.08.2019 5:00;46;27;19
11.08.2019 6:00;57;36;21
11.08.2019 7:00;77;45;32
11.08.2019 8:00;134;69;65
11.08.2019 9:00;326;185;141
11.08.2019 10:00;515;270;245
11.08.2019 11:00;698;347;351
11.08.2019 12:00;723;325;398
11.08.2019 13:00;802;353;449
11.08.2019 14:00;826;371;455
11.08.2019 15:00;772;381;391
11.08.2019 16:00;723;383;340
11.08.2019 17:00;919;476;443
11.08.2019 18:00;947;503;444
11.08.2019 19:00;494;280;214
11.08.2019 20:00;220;91;129
11.08.2019 21:00;153;72;81
11.08.2019 22:00;118;56;62
11.08.2019 23:00;81;28;53
12.08.2019 0:00;36;19;17
12.08.2019 1:00;17;7;10
12.08.2019 2:00;6;5;1
12.08.2019 3:00;9;2;7
12.08.2019 4:00;7;5;2
12.08.2019 5:00;64;52;12
12.08.2019 6:00;187;143;44
12.08.2019 7:00;291;186;105
12.08.2019 8:00;394;245;149
12.08.2019 9:00;402;244;158
12.08.2019 10:00;369;186;183
12.08.2019 11:00;367;191;176
12.08.2019 12:00;418;216;202
12.08.2019 13:00;401;213;188
12.08.2019 14:00;417;219;198
12.08.2019 15:00;545;280;265
12.08.2019 16:00;666;337;329
12.08.2019 17:00;719;329;390
12.08.2019 18:00;654;295;359
12.08.2019 19:00;505;219;286
12.08.2019 20:00;379;160;219
12.08.2019 21:00;218;87;131
12.08.2019 22:00;209;86;123
12.08.2019 23:00;140;63;77
13.08.2019 0:00;51;18;33
13.08.2019 1:00;54;20;34
13.08.2019 2:00;13;6;7
13.08.2019 3:00;13;7;6
13.08.2019 4:00;14;8;6
13.08.2019 5:00;70;50;20
13.08.2019 6:00;242;162;80
13.08.2019 7:00;533;326;207
13.08.2019 8:00;658;429;229
13.08.2019 9:00;734;449;285
13.08.2019 10:00;785;468;317
13.08.2019 11:00;874;501;373
13.08.2019 12:00;892;414;478
13.08.2019 13:00;935;485;450
13.08.2019 14:00;934;500;434
13.08.2019 15:00;1070;540;530
13.08.2019 16:00;1113;536;577
13.08.2019 17:00;1302;614;688
13.08.2019 18:00;1106;464;642
13.08.2019 19:00;724;306;418
13.08.2019 20:00;531;227;304
13.08.2019 21:00;353;140;213
13.08.2019 22:00;288;115;173
13.08.2019 23:00;142;53;89
14.08.2019 0:00;97;31;66
14.08.2019 1:00;37;12;25
14.08.2019 2:00;23;9;14
14.08.2019 3:00;6;6;0
14.08.2019 4:00;12;7;5
14.08.2019 5:00;80;58;22
14.08.2019 6:00;242;162;80
14.08.2019 7:00;505;289;216
14.08.2019 8:00;703;449;254
14.08.2019 9:00;760;467;293
14.08.2019 10:00;863;497;366
14.08.2019 11:00;950;502;448
14.08.2019 12:00;982;509;473
14.08.2019 13:00;969;517;452
14.08.2019 14:00;1001;499;502
14.08.2019 15:00;1119;551;568
14.08.2019 16:00;1238;622;616
14.08.2019 17:00;1408;653;755
14.08.2019 18:00;1239;615;624
14.08.2019 19:00;926;397;529
14.08.2019 20:00;671;296;375
14.08.2019 21:00;498;214;284
14.08.2019 22:00;352;132;220
14.08.2019 23:00;208;71;137
15.08.2019 0:00;108;34;74
15.08.2019 1:00;54;17;37
15.08.2019 2:00;25;15;10
15.08.2019 3:00;20;8;12
15.08.2019 4:00;18;13;5
15.08.2019 5:00;85;61;24
15.08.2019 6:00;218;145;73
15.08.2019 7:00;444;257;187
15.08.2019 8:00;645;383;262
15.08.2019 9:00;636;385;251
15.08.2019 10:00;614;338;276
15.08.2019 11:00;654;365;289
15.08.2019 12:00;740;352;388
15.08.2019 13:00;732;366;366
15.08.2019 14:00;667;342;325
15.08.2019 15:00;539;254;285
15.08.2019 16:00;854;441;413
15.08.2019 17:00;943;415;528
15.08.2019 18:00;926;400;526
15.08.2019 19:00;574;253;321
15.08.2019 20:00;428;193;235
15.08.2019 21:00;289;135;154
15.08.2019 22:00;274;102;172
15.08.2019 23:00;164;43;121
16.08.2019 0:00;100;33;67
16.08.2019 1:00;40;14;26
16.08.2019 2:00;18;9;9
16.08.2019 3:00;8;4;4
16.08.2019 4:00;10;6;4
16.08.2019 5:00;51;37;14
16.08.2019 6:00;196;131;65
16.08.2019 7:00;412;234;178
16.08.2019 8:00;598;386;212
16.08.2019 9:00;812;522;290
16.08.2019 10:00;934;545;389
16.08.2019 11:00;1021;589;432
16.08.2019 12:00;974;474;500
16.08.2019 13:00;1000;495;505
16.08.2019 14:00;1044;531;513
16.08.2019 15:00;939;439;500
16.08.2019 16:00;1076;469;607
16.08.2019 17:00;1120;518;602
16.08.2019 18:00;1023;456;567
16.08.2019 19:00;779;366;413
16.08.2019 20:00;610;284;326
16.08.2019 21:00;457;220;237
16.08.2019 22:00;324;148;176
16.08.2019 23:00;272;123;149
17.08.2019 0:00;171;66;105
17.08.2019 1:00;117;55;62
17.08.2019 2:00;45;18;27
17.08.2019 3:00;51;15;36
17.08.2019 4:00;25;15;10
17.08.2019 5:00;42;30;12
17.08.2019 6:00;69;46;23
17.08.2019 7:00;124;70;54
17.08.2019 8:00;278;169;109
17.08.2019 9:00;545;356;189
17.08.2019 10:00;681;431;250
17.08.2019 11:00;902;489;413
17.08.2019 12:00;861;484;377
17.08.2019 13:00;871;461;410
17.08.2019 14:00;845;419;426
17.08.2019 15:00;920;407;513
17.08.2019 16:00;873;418;455
17.08.2019 17:00;877;421;456
17.08.2019 18:00;606;246;360
17.08.2019 19:00;483;243;240
17.08.2019 20:00;391;167;224
17.08.2019 21:00;288;140;148
17.08.2019 22:00;247;107;140
17.08.2019 23:00;181;65;116
18.08.2019 0:00;205;85;120
18.08.2019 1:00;93;20;73
18.08.2019 2:00;54;19;35
18.08.2019 3:00;39;9;30
18.08.2019 4:00;20;12;8
18.08.2019 5:00;21;12;9
18.08.2019 6:00;43;29;14
18.08.2019 7:00;88;57;31
18.08.2019 8:00;164;88;76
18.08.2019 9:00;364;188;176
18.08.2019 10:00;592;269;323
18.08.2019 11:00;684;298;386
18.08.2019 12:00;786;339;447
18.08.2019 13:00;755;348;407
18.08.2019 14:00;863;399;464
18.08.2019 15:00;770;345;425
18.08.2019 16:00;782;418;364
18.08.2019 17:00;846;519;327
18.08.2019 18:00;828;470;358
18.08.2019 19:00;735;416;319
18.08.2019 20:00;463;257;206
18.08.2019 21:00;332;146;186
18.08.2019 22:00;212;79;133
18.08.2019 23:00;91;32;59
19.08.2019 0:00;37;18;19
19.08.2019 1:00;14;7;7
19.08.2019 2:00;6;5;1
19.08.2019 3:00;9;6;3
19.08.2019 4:00;8;7;1
19.08.2019 5:00;52;41;11
19.08.2019 6:00;152;114;38
19.08.2019 7:00;215;130;85
19.08.2019 8:00;414;251;163
19.08.2019 9:00;477;305;172
19.08.2019 10:00;509;306;203
19.08.2019 11:00;601;362;239
19.08.2019 12:00;630;329;301
19.08.2019 13:00;620;334;286
19.08.2019 14:00;677;319;358
19.08.2019 15:00;718;390;328
19.08.2019 16:00;808;355;453
19.08.2019 17:00;932;418;514
19.08.2019 18:00;789;330;459
19.08.2019 19:00;474;181;293
19.08.2019 20:00;351;160;191
19.08.2019 21:00;172;80;92
19.08.2019 22:00;160;65;95
19.08.2019 23:00;88;39;49
20.08.2019 0:00;47;11;36
20.08.2019 1:00;19;7;12
20.08.2019 2:00;10;0;10
20.08.2019 3:00;13;6;7
20.08.2019 4:00;14;10;4
20.08.2019 5:00;57;41;16
20.08.2019 6:00;178;120;58
20.08.2019 7:00;369;219;150
20.08.2019 8:00;467;292;175
20.08.2019 9:00;415;273;142
20.08.2019 10:00;354;196;158
20.08.2019 11:00;255;123;132
20.08.2019 12:00;273;106;167
20.08.2019 13:00;313;145;168
20.08.2019 14:00;296;155;141
20.08.2019 15:00;322;147;175
20.08.2019 16:00;387;173;214
20.08.2019 17:00;496;238;258
20.08.2019 18:00;392;163;229
20.08.2019 19:00;255;92;163
20.08.2019 20:00;160;63;97
20.08.2019 21:00;106;57;49
20.08.2019 22:00;107;53;54
20.08.2019 23:00;74;29;45
21.08.2019 0:00;40;15;25
21.08.2019 1:00;27;7;20
21.08.2019 2:00;6;0;6
21.08.2019 3:00;9;4;5
21.08.2019 4:00;4;4;0
21.08.2019 5:00;67;46;21
21.08.2019 6:00;186;124;62
21.08.2019 7:00;466;280;186
21.08.2019 8:00;589;374;215
21.08.2019 9:00;653;403;250
21.08.2019 10:00;750;428;322
21.08.2019 11:00;797;413;384
21.08.2019 12:00;879;452;427
21.08.2019 13:00;877;419;458
21.08.2019 14:00;955;490;465
21.08.2019 15:00;918;425;493
21.08.2019 16:00;1130;538;592
21.08.2019 17:00;1171;542;629
21.08.2019 18:00;1042;485;557
21.08.2019 19:00;731;338;393
21.08.2019 20:00;554;247;307
21.08.2019 21:00;317;131;186
21.08.2019 22:00;308;94;214
21.08.2019 23:00;163;68;95
22.08.2019 0:00;104;41;63
22.08.2019 1:00;49;17;32
22.08.2019 2:00;26;8;18
22.08.2019 3:00;11;3;8
22.08.2019 4:00;17;11;6
22.08.2019 5:00;78;48;30
22.08.2019 6:00;200;130;70
22.08.2019 7:00;424;259;165
22.08.2019 8:00;581;372;209
22.08.2019 9:00;667;375;292
22.08.2019 10:00;708;425;283
22.08.2019 11:00;789;471;318
22.08.2019 12:00;740;360;380
22.08.2019 13:00;778;399;379
22.08.2019 14:00;851;431;420
22.08.2019 15:00;1021;513;508
22.08.2019 16:00;1063;510;553
22.08.2019 17:00;1122;539;583
22.08.2019 18:00;997;428;569
22.08.2019 19:00;844;415;429
22.08.2019 20:00;517;216;301
22.08.2019 21:00;389;143;246
22.08.2019 22:00;309;109;200
22.08.2019 23:00;167;57;110
23.08.2019 0:00;72;22;50
23.08.2019 1:00;50;16;34
23.08.2019 2:00;21;7;14
23.08.2019 3:00;5;4;1
23.08.2019 4:00;8;6;2
23.08.2019 5:00;51;33;18
23.08.2019 6:00;186;120;66
23.08.2019 7:00;403;240;163
23.08.2019 8:00;586;373;213
23.08.2019 9:00;685;434;251
23.08.2019 10:00;774;446;328
23.08.2019 11:00;927;509;418
23.08.2019 12:00;860;419;441
23.08.2019 13:00;873;440;433
23.08.2019 14:00;905;443;462
23.08.2019 15:00;955;473;482
23.08.2019 16:00;990;463;527
23.08.2019 17:00;1039;522;517
23.08.2019 18:00;937;413;524
23.08.2019 19:00;805;405;400
23.08.2019 20:00;561;254;307
23.08.2019 21:00;396;182;214
23.08.2019 22:00;292;140;152
23.08.2019 23:00;253;89;164
24.08.2019 0:00;142;56;86
24.08.2019 1:00;92;24;68
24.08.2019 2:00;61;20;41
24.08.2019 3:00;42;13;29
24.08.2019 4:00;27;10;17
24.08.2019 5:00;34;22;12
24.08.2019 6:00;67;40;27
24.08.2019 7:00;118;76;42
24.08.2019 8:00;266;154;112
24.08.2019 9:00;517;326;191
24.08.2019 10:00;740;425;315
24.08.2019 11:00;848;432;416
24.08.2019 12:00;860;470;390
24.08.2019 13:00;793;414;379
24.08.2019 14:00;915;423;492
24.08.2019 15:00;971;484;487
24.08.2019 16:00;839;374;465
24.08.2019 17:00;950;462;488
24.08.2019 18:00;853;408;445
24.08.2019 19:00;709;388;321
24.08.2019 20:00;582;271;311
24.08.2019 21:00;369;170;199
24.08.2019 22:00;312;138;174
24.08.2019 23:00;242;81;161
25.08.2019 0:00;183;76;107
25.08.2019 1:00;98;45;53
25.08.2019 2:00;75;30;45
25.08.2019 3:00;69;26;43
25.08.2019 4:00;18;7;11
25.08.2019 5:00;21;13;8
25.08.2019 6:00;47;29;18
25.08.2019 7:00;63;43;20
25.08.2019 8:00;136;73;63
25.08.2019 9:00;295;156;139
25.08.2019 10:00;383;190;193
25.08.2019 11:00;518;283;235
25.08.2019 12:00;570;268;302
25.08.2019 13:00;628;268;360
25.08.2019 14:00;770;353;417
25.08.2019 15:00;747;341;406
25.08.2019 16:00;787;399;388
25.08.2019 17:00;793;427;366
25.08.2019 18:00;797;459;338
25.08.2019 19:00;578;325;253
25.08.2019 20:00;474;211;263
25.08.2019 21:00;285;110;175
25.08.2019 22:00;196;98;98
25.08.2019 23:00;118;48;70
26.08.2019 0:00;49;14;35
26.08.2019 1:00;29;11;18
26.08.2019 2:00;16;9;7
26.08.2019 3:00;7;2;5
26.08.2019 4:00;20;16;4
26.08.2019 5:00;72;49;23
26.08.2019 6:00;233;156;77
26.08.2019 7:00;503;301;202
26.08.2019 8:00;690;406;284
26.08.2019 9:00;703;446;257
26.08.2019 10:00;806;453;353
26.08.2019 11:00;806;453;353
26.08.2019 12:00;830;367;463
26.08.2019 13:00;805;412;393
26.08.2019 14:00;978;513;465
26.08.2019 15:00;927;456;471
26.08.2019 16:00;1131;550;581
26.08.2019 17:00;1134;488;646
26.08.2019 18:00;1139;493;646
26.08.2019 19:00;811;401;410
26.08.2019 20:00;618;266;352
26.08.2019 21:00;387;165;222
26.08.2019 22:00;250;98;152
26.08.2019 23:00;148;49;99
27.08.2019 0:00;113;52;61
27.08.2019 1:00;24;6;18
27.08.2019 2:00;13;5;8
27.08.2019 3:00;10;5;5
27.08.2019 4:00;16;10;6
27.08.2019 5:00;67;44;23
27.08.2019 6:00;239;159;80
27.08.2019 7:00;547;319;228
27.08.2019 8:00;783;485;298
27.08.2019 9:00;779;469;310
27.08.2019 10:00;841;484;357
27.08.2019 11:00;887;440;447
27.08.2019 12:00;952;437;515
27.08.2019 13:00;924;448;476
27.08.2019 14:00;943;437;506
27.08.2019 15:00;946;447;499
27.08.2019 16:00;1091;512;579
27.08.2019 17:00;1311;581;730
27.08.2019 18:00;1150;538;612
27.08.2019 19:00;889;420;469
27.08.2019 20:00;689;281;408
27.08.2019 21:00;466;212;254
27.08.2019 22:00;280;103;177
27.08.2019 23:00;161;48;113
28.08.2019 0:00;79;20;59
28.08.2019 1:00;52;15;37
28.08.2019 2:00;20;9;11
28.08.2019 3:00;7;4;3
28.08.2019 4:00;12;9;3
28.08.2019 5:00;69;51;18
28.08.2019 6:00;231;146;85
28.08.2019 7:00;556;337;219
28.08.2019 8:00;698;439;259
28.08.2019 9:00;755;483;272
28.08.2019 10:00;797;485;312
28.08.2019 11:00;935;480;455
28.08.2019 12:00;947;455;492
28.08.2019 13:00;934;418;516
28.08.2019 14:00;906;414;492
28.08.2019 15:00;927;437;490
28.08.2019 16:00;1156;567;589
28.08.2019 17:00;1207;597;610
28.08.2019 18:00;1136;541;595
28.08.2019 19:00;870;433;437
28.08.2019 20:00;637;273;364
28.08.2019 21:00;407;172;235
28.08.2019 22:00;277;112;165
28.08.2019 23:00;163;55;108
29.08.2019 0:00;115;40;75
29.08.2019 1:00;42;8;34
29.08.2019 2:00;15;4;11
29.08.2019 3:00;16;4;12
29.08.2019 4:00;17;11;6
29.08.2019 5:00;72;52;20
29.08.2019 6:00;208;136;72
29.08.2019 7:00;406;224;182
29.08.2019 8:00;487;310;177
29.08.2019 9:00;490;299;191
29.08.2019 10:00;603;384;219
29.08.2019 11:00;633;352;281
29.08.2019 12:00;699;346;353
29.08.2019 13:00;808;430;378
29.08.2019 14:00;826;417;409
29.08.2019 15:00;812;395;417
29.08.2019 16:00;926;462;464
29.08.2019 17:00;1031;482;549
29.08.2019 18:00;948;404;544
29.08.2019 19:00;775;365;410
29.08.2019 20:00;492;228;264
29.08.2019 21:00;368;164;204
29.08.2019 22:00;269;76;193
29.08.2019 23:00;181;63;118
30.08.2019 0:00;97;26;71
30.08.2019 1:00;47;16;31
30.08.2019 2:00;18;12;6
30.08.2019 3:00;11;5;6
30.08.2019 4:00;17;12;5
30.08.2019 5:00;56;36;20
30.08.2019 6:00;202;134;68
30.08.2019 7:00;497;291;206
30.08.2019 8:00;715;446;269
30.08.2019 9:00;805;514;291
30.08.2019 10:00;947;565;382
30.08.2019 11:00;897;480;417
30.08.2019 12:00;968;457;511
30.08.2019 13:00;946;413;533
30.08.2019 14:00;942;462;480
30.08.2019 15:00;956;451;505
30.08.2019 16:00;980;483;497
30.08.2019 17:00;1008;517;491
30.08.2019 18:00;983;519;464
30.08.2019 19:00;950;526;424
30.08.2019 20:00;615;280;335
30.08.2019 21:00;453;183;270
30.08.2019 22:00;380;124;256
30.08.2019 23:00;287;68;219
31.08.2019 0:00;160;49;111
31.08.2019 1:00;101;34;67
31.08.2019 2:00;54;25;29
31.08.2019 3:00;33;7;26
31.08.2019 4:00;23;17;6
31.08.2019 5:00;38;27;11
31.08.2019 6:00;52;36;16
31.08.2019 7:00;114;77;37
31.08.2019 8:00;307;205;102
31.08.2019 9:00;562;374;188
31.08.2019 10:00;825;477;348
31.08.2019 11:00;878;525;353
31.08.2019 12:00;894;421;473
31.08.2019 13:00;911;396;515
31.08.2019 14:00;966;457;509
31.08.2019 15:00;856;408;448
31.08.2019 16:00;913;451;462
31.08.2019 17:00;985;514;471
31.08.2019 18:00;938;438;500
31.08.2019 19:00;679;343;336
31.08.2019 20:00;583;276;307
31.08.2019 21:00;435;187;248
31.08.2019 22:00;336;135;201
31.08.2019 23:00;226;62;164
01.09.2019 0:00;149;63;86
01.09.2019 1:00;130;41;89
01.09.2019 2:00;88;37;51
01.09.2019 3:00;60;28;32
01.09.2019 4:00;27;22;5
01.09.2019 5:00;35;30;5
01.09.2019 6:00;52;38;14
01.09.2019 7:00;57;42;15
01.09.2019 8:00;135;81;54
01.09.2019 9:00;288;152;136
01.09.2019 10:00;295;205;90
01.09.2019 11:00;304;164;140
01.09.2019 12:00;379;199;180
01.09.2019 13:00;383;219;164
01.09.2019 14:00;420;202;218
01.09.2019 15:00;559;310;249
01.09.2019 16:00;541;276;265
01.09.2019 17:00;592;310;282
01.09.2019 18:00;474;200;274
01.09.2019 19:00;468;199;269
01.09.2019 20:00;254;86;168
01.09.2019 21:00;162;54;108
01.09.2019 22:00;103;42;61
01.09.2019 23:00;66;31;35
02.09.2019 0:00;29;12;17
02.09.2019 1:00;14;7;7
02.09.2019 2:00;8;5;3
02.09.2019 3:00;2;2;0
02.09.2019 4:00;7;6;1
02.09.2019 5:00;63;46;17
02.09.2019 6:00;201;135;66
02.09.2019 7:00;469;294;175
02.09.2019 8:00;599;360;239
02.09.2019 9:00;599;362;237
02.09.2019 10:00;483;280;203
02.09.2019 11:00;550;291;259
02.09.2019 12:00;589;269;320
02.09.2019 13:00;690;364;326
02.09.2019 14:00;705;387;318
02.09.2019 15:00;782;423;359
02.09.2019 16:00;881;407;474
02.09.2019 17:00;948;405;543
02.09.2019 18:00;793;351;442
02.09.2019 19:00;562;233;329
02.09.2019 20:00;400;167;233
02.09.2019 21:00;238;98;140
02.09.2019 22:00;191;86;105
02.09.2019 23:00;98;38;60
03.09.2019 0:00;64;27;37
03.09.2019 1:00;35;14;21
03.09.2019 2:00;11;10;1
03.09.2019 3:00;9;5;4
03.09.2019 4:00;13;11;2
03.09.2019 5:00;76;53;23
03.09.2019 6:00;234;162;72
03.09.2019 7:00;625;383;242
03.09.2019 8:00;890;550;340
03.09.2019 9:00;746;472;274
03.09.2019 10:00;783;473;310
03.09.2019 11:00;828;436;392
03.09.2019 12:00;939;445;494
03.09.2019 13:00;882;453;429
03.09.2019 14:00;978;493;485
03.09.2019 15:00;1103;556;547
03.09.2019 16:00;1235;600;635
03.09.2019 17:00;1359;627;732
03.09.2019 18:00;1170;522;648
03.09.2019 19:00;860;382;478
03.09.2019 20:00;602;263;339
03.09.2019 21:00;358;149;209
03.09.2019 22:00;305;109;196
03.09.2019 23:00;162;64;98
04.09.2019 0:00;77;31;46
04.09.2019 1:00;35;15;20
04.09.2019 2:00;20;12;8
04.09.2019 3:00;9;6;3
04.09.2019 4:00;12;4;8
04.09.2019 5:00;71;54;17
04.09.2019 6:00;229;150;79
04.09.2019 7:00;646;373;273
04.09.2019 8:00;870;522;348
04.09.2019 9:00;743;487;256
04.09.2019 10:00;744;410;334
04.09.2019 11:00;774;365;409
04.09.2019 12:00;959;453;506
04.09.2019 13:00;973;457;516
04.09.2019 14:00;1069;520;549
04.09.2019 15:00;1094;547;547
04.09.2019 16:00;1277;610;667
04.09.2019 17:00;1342;627;715
04.09.2019 18:00;1323;652;671
04.09.2019 19:00;922;429;493
04.09.2019 20:00;611;274;337
04.09.2019 21:00;384;171;213
04.09.2019 22:00;297;111;186
04.09.2019 23:00;183;61;122
05.09.2019 0:00;79;18;61
05.09.2019 1:00;59;16;43
05.09.2019 2:00;22;7;15
05.09.2019 3:00;5;4;1
05.09.2019 4:00;13;9;4
05.09.2019 5:00;88;62;26
05.09.2019 6:00;213;134;79
05.09.2019 7:00;539;339;200
05.09.2019 8:00;796;459;337
05.09.2019 9:00;717;445;272
05.09.2019 10:00;751;425;326
05.09.2019 11:00;563;292;271
05.09.2019 12:00;569;280;289
05.09.2019 13:00;544;221;323
05.09.2019 14:00;404;188;216
05.09.2019 15:00;509;234;275
05.09.2019 16:00;733;405;328
05.09.2019 17:00;940;463;477
05.09.2019 18:00;730;317;413
05.09.2019 19:00;554;263;291
05.09.2019 20:00;321;156;165
05.09.2019 21:00;224;98;126
05.09.2019 22:00;228;80;148
05.09.2019 23:00;128;42;86
06.09.2019 0:00;61;21;40
06.09.2019 1:00;34;7;27
06.09.2019 2:00;15;5;10
06.09.2019 3:00;10;7;3
06.09.2019 4:00;11;8;3
06.09.2019 5:00;56;38;18
06.09.2019 6:00;178;114;64
06.09.2019 7:00;477;303;174
06.09.2019 8:00;694;427;267
06.09.2019 9:00;682;445;237
06.09.2019 10:00;658;410;248
06.09.2019 11:00;676;366;310
06.09.2019 12:00;810;363;447
06.09.2019 13:00;726;343;383
06.09.2019 14:00;809;416;393
06.09.2019 15:00;806;417;389
06.09.2019 16:00;874;447;427
06.09.2019 17:00;786;348;438
06.09.2019 18:00;696;296;400
06.09.2019 19:00;506;249;257
06.09.2019 20:00;335;128;207
06.09.2019 21:00;232;105;127
06.09.2019 22:00;198;79;119
06.09.2019 23:00;151;64;87
07.09.2019 0:00;169;47;122
07.09.2019 1:00;78;19;59
07.09.2019 2:00;72;21;51
07.09.2019 3:00;44;15;29
07.09.2019 4:00;11;9;2
07.09.2019 5:00;30;15;15
07.09.2019 6:00;70;45;25
07.09.2019 7:00;152;53;99
07.09.2019 8:00;348;117;231
07.09.2019 9:00;469;273;196
07.09.2019 10:00;655;375;280
07.09.2019 11:00;707;404;303
07.09.2019 12:00;735;436;299
07.09.2019 13:00;811;442;369
07.09.2019 14:00;802;365;437
07.09.2019 15:00;889;410;479
07.09.2019 16:00;741;265;476
07.09.2019 17:00;739;222;517
07.09.2019 18:00;599;223;376
07.09.2019 19:00;421;205;216
07.09.2019 20:00;254;114;140
07.09.2019 21:00;252;131;121
07.09.2019 22:00;120;54;66
07.09.2019 23:00;138;54;84
08.09.2019 0:00;136;47;89
08.09.2019 1:00;72;21;51
08.09.2019 2:00;64;18;46
08.09.2019 3:00;35;11;24
08.09.2019 4:00;12;1;11
08.09.2019 5:00;29;17;12
08.09.2019 6:00;32;24;8
08.09.2019 7:00;23;13;10
08.09.2019 8:00;46;20;26
08.09.2019 9:00;90;48;42
08.09.2019 10:00;88;51;37
08.09.2019 11:00;120;59;61
08.09.2019 12:00;125;54;71
08.09.2019 13:00;153;54;99
08.09.2019 14:00;233;112;121
08.09.2019 15:00;177;88;89
08.09.2019 16:00;146;77;69
08.09.2019 17:00;191;101;90
08.09.2019 18:00;149;71;78
08.09.2019 19:00;168;71;97
08.09.2019 20:00;108;43;65
08.09.2019 21:00;73;32;41
08.09.2019 22:00;77;47;30
08.09.2019 23:00;60;25;35
09.09.2019 0:00;23;12;11
09.09.2019 1:00;17;5;12
09.09.2019 2:00;10;5;5
09.09.2019 3:00;1;1;0
09.09.2019 4:00;7;5;2
09.09.2019 5:00;45;30;15
09.09.2019 6:00;176;120;56
09.09.2019 7:00;472;272;200
09.09.2019 8:00;604;347;257
09.09.2019 9:00;498;320;178
09.09.2019 10:00;552;327;225
09.09.2019 11:00;634;356;278
09.09.2019 12:00;693;344;349
09.09.2019 13:00;712;386;326
09.09.2019 14:00;776;418;358
09.09.2019 15:00;819;434;385
09.09.2019 16:00;1008;504;504
09.09.2019 17:00;1065;455;610
09.09.2019 18:00;945;428;517
09.09.2019 19:00;685;306;379
09.09.2019 20:00;504;221;283
09.09.2019 21:00;309;146;163
09.09.2019 22:00;227;73;154
09.09.2019 23:00;140;40;100
10.09.2019 0:00;60;11;49
10.09.2019 1:00;29;9;20
10.09.2019 2:00;23;12;11
10.09.2019 3:00;5;1;4
10.09.2019 4:00;14;7;7
10.09.2019 5:00;69;58;11
10.09.2019 6:00;242;165;77
10.09.2019 7:00;597;364;233
10.09.2019 8:00;929;541;388
10.09.2019 9:00;736;463;273
10.09.2019 10:00;764;454;310
10.09.2019 11:00;785;406;379
10.09.2019 12:00;922;440;482
10.09.2019 13:00;868;416;452
10.09.2019 14:00;987;529;458
10.09.2019 15:00;1077;538;539
10.09.2019 16:00;1185;577;608
10.09.2019 17:00;1327;613;714
10.09.2019 18:00;1162;493;669
10.09.2019 19:00;874;381;493
10.09.2019 20:00;536;211;325
10.09.2019 21:00;333;124;209
10.09.2019 22:00;264;93;171
10.09.2019 23:00;139;54;85
11.09.2019 0:00;47;15;32
11.09.2019 1:00;37;14;23
11.09.2019 2:00;19;8;11
11.09.2019 3:00;12;5;7
11.09.2019 4:00;11;7;4
11.09.2019 5:00;63;47;16
11.09.2019 6:00;261;181;80
11.09.2019 7:00;768;444;324
11.09.2019 8:00;1152;651;501
11.09.2019 9:00;1172;830;342
11.09.2019 10:00;711;410;301
11.09.2019 11:00;878;444;434
11.09.2019 12:00;1238;462;776
11.09.2019 13:00;1172;535;637
11.09.2019 14:00;1040;551;489
11.09.2019 15:00;1153;552;601
11.09.2019 16:00;1325;621;704
11.09.2019 17:00;1467;696;771
11.09.2019 18:00;1193;563;630
11.09.2019 19:00;785;360;425
11.09.2019 20:00;533;221;312
11.09.2019 21:00;346;147;199
11.09.2019 22:00;287;107;180
11.09.2019 23:00;161;51;110
12.09.2019 0:00;83;28;55
12.09.2019 1:00;35;11;24
12.09.2019 2:00;16;9;7
12.09.2019 3:00;13;7;6
12.09.2019 4:00;6;4;2
12.09.2019 5:00;65;49;16
12.09.2019 6:00;245;163;82
12.09.2019 7:00;1290;836;454
12.09.2019 8:00;1038;606;432
12.09.2019 9:00;889;543;346
12.09.2019 10:00;741;421;320
12.09.2019 11:00;774;365;409
12.09.2019 12:00;941;471;470
12.09.2019 13:00;1361;583;778
12.09.2019 14:00;1188;588;600
12.09.2019 15:00;1352;681;671
12.09.2019 16:00;1390;692;698
12.09.2019 17:00;1498;634;864
12.09.2019 18:00;1279;597;682
12.09.2019 19:00;957;431;526
12.09.2019 20:00;581;245;336
12.09.2019 21:00;373;152;221
12.09.2019 22:00;300;110;190
12.09.2019 23:00;181;52;129
13.09.2019 0:00;73;18;55
13.09.2019 1:00;52;11;41
13.09.2019 2:00;20;7;13
13.09.2019 3:00;13;5;8
13.09.2019 4:00;7;5;2
13.09.2019 5:00;64;47;17
13.09.2019 6:00;226;149;77
13.09.2019 7:00;1123;676;447
13.09.2019 8:00;908;572;336
13.09.2019 9:00;1002;683;319
13.09.2019 10:00;903;514;389
13.09.2019 11:00;1061;546;515
13.09.2019 12:00;1252;595;657
13.09.2019 13:00;1442;567;875
13.09.2019 14:00;1072;556;516
13.09.2019 15:00;1134;606;528
13.09.2019 16:00;1237;617;620
13.09.2019 17:00;1177;519;658
13.09.2019 18:00;1023;444;579
13.09.2019 19:00;884;433;451
13.09.2019 20:00;701;326;375
13.09.2019 21:00;409;179;230
13.09.2019 22:00;362;160;202
13.09.2019 23:00;257;80;177
14.09.2019 0:00;187;49;138
14.09.2019 1:00;103;24;79
14.09.2019 2:00;57;25;32
14.09.2019 3:00;47;8;39
14.09.2019 4:00;26;15;11
14.09.2019 5:00;37;22;15
14.09.2019 6:00;68;42;26
14.09.2019 7:00;134;75;59
14.09.2019 8:00;326;194;132
14.09.2019 9:00;599;377;222
14.09.2019 10:00;869;539;330
14.09.2019 11:00;1058;633;425
14.09.2019 12:00;1029;507;522
14.09.2019 13:00;1028;490;538
14.09.2019 14:00;1061;464;597
14.09.2019 15:00;1011;443;568
14.09.2019 16:00;996;481;515
14.09.2019 17:00;1030;492;538
14.09.2019 18:00;922;494;428
14.09.2019 19:00;685;329;356
14.09.2019 20:00;516;241;275
14.09.2019 21:00;403;208;195
14.09.2019 22:00;253;99;154
14.09.2019 23:00;238;90;148
15.09.2019 0:00;186;65;121
15.09.2019 1:00;115;44;71
15.09.2019 2:00;73;30;43
15.09.2019 3:00;49;19;30
15.09.2019 4:00;31;16;15
15.09.2019 5:00;29;17;12
15.09.2019 6:00;46;32;14
15.09.2019 7:00;71;52;19
15.09.2019 8:00;129;65;64
15.09.2019 9:00;356;182;174
15.09.2019 10:00;462;238;224
15.09.2019 11:00;628;334;294
15.09.2019 12:00;690;338;352
15.09.2019 13:00;715;333;382
15.09.2019 14:00;898;453;445
15.09.2019 15:00;968;480;488
15.09.2019 16:00;877;497;380
15.09.2019 17:00;977;483;494
15.09.2019 18:00;769;378;391
15.09.2019 19:00;569;280;289
15.09.2019 20:00;409;197;212
15.09.2019 21:00;192;70;122
15.09.2019 22:00;159;77;82
15.09.2019 23:00;77;25;52
16.09.2019 0:00;38;7;31
16.09.2019 1:00;23;4;19
16.09.2019 2:00;17;9;8
16.09.2019 3:00;8;3;5
16.09.2019 4:00;11;9;2
16.09.2019 5:00;73;49;24
16.09.2019 6:00;214;140;74
16.09.2019 7:00;1284;838;446
16.09.2019 8:00;992;591;401
16.09.2019 9:00;894;569;325
16.09.2019 10:00;677;382;295
16.09.2019 11:00;857;444;413
16.09.2019 12:00;968;431;537
16.09.2019 13:00;1339;587;752
16.09.2019 14:00;1016;490;526
16.09.2019 15:00;1548;788;760
16.09.2019 16:00;1336;617;719
16.09.2019 17:00;1403;657;746
16.09.2019 18:00;1265;564;701
16.09.2019 19:00;952;424;528
16.09.2019 20:00;607;248;359
16.09.2019 21:00;346;139;207
16.09.2019 22:00;263;115;148
16.09.2019 23:00;130;48;82
17.09.2019 0:00;45;14;31
17.09.2019 1:00;29;6;23
17.09.2019 2:00;17;6;11
17.09.2019 3:00;3;3;0
17.09.2019 4:00;12;9;3
17.09.2019 5:00;87;65;22
17.09.2019 6:00;250;172;78
17.09.2019 7:00;1366;841;525
17.09.2019 8:00;1023;614;409
17.09.2019 9:00;949;603;346
17.09.2019 10:00;797;458;339
17.09.2019 11:00;962;484;478
17.09.2019 12:00;1015;470;545
17.09.2019 13:00;1317;599;718
17.09.2019 14:00;920;442;478
17.09.2019 15:00;1446;670;776
17.09.2019 16:00;1309;640;669
17.09.2019 17:00;1519;705;814
17.09.2019 18:00;1258;534;724
17.09.2019 19:00;1033;507;526
17.09.2019 20:00;603;290;313
17.09.2019 21:00;384;139;245
17.09.2019 22:00;245;72;173
17.09.2019 23:00;200;75;125
18.09.2019 0:00;64;23;41
18.09.2019 1:00;35;11;24
18.09.2019 2:00;15;10;5
18.09.2019 3:00;1;0;1
18.09.2019 4:00;19;15;4
18.09.2019 5:00;74;48;26
18.09.2019 6:00;276;175;101
18.09.2019 7:00;1374;888;486
18.09.2019 8:00;1073;640;433
18.09.2019 9:00;920;590;330
18.09.2019 10:00;700;389;311
18.09.2019 11:00;764;385;379
18.09.2019 12:00;956;453;503
18.09.2019 13:00;1293;631;662
18.09.2019 14:00;1021;517;504
18.09.2019 15:00;1318;584;734
18.09.2019 16:00;1215;587;628
18.09.2019 17:00;1398;648;750
18.09.2019 18:00;1179;531;648
18.09.2019 19:00;868;404;464
18.09.2019 20:00;555;242;313
18.09.2019 21:00;365;145;220
18.09.2019 22:00;282;124;158
18.09.2019 23:00;176;64;112
19.09.2019 0:00;89;24;65
19.09.2019 1:00;33;9;24
19.09.2019 2:00;5;1;4
19.09.2019 3:00;9;6;3
19.09.2019 4:00;9;6;3
19.09.2019 5:00;66;46;20
19.09.2019 6:00;247;163;84
19.09.2019 7:00;1319;842;477
19.09.2019 8:00;925;543;382
19.09.2019 9:00;820;515;305
19.09.2019 10:00;716;429;287
19.09.2019 11:00;788;412;376
19.09.2019 12:00;903;458;445
19.09.2019 13:00;1228;520;708
19.09.2019 14:00;952;474;478
19.09.2019 15:00;1413;668;745
19.09.2019 16:00;1298;653;645
19.09.2019 17:00;1441;690;751
19.09.2019 18:00;1198;583;615
19.09.2019 19:00;852;378;474
19.09.2019 20:00;556;242;314
19.09.2019 21:00;392;141;251
19.09.2019 22:00;286;96;190
19.09.2019 23:00;144;43;101
20.09.2019 0:00;103;27;76
20.09.2019 1:00;39;15;24
20.09.2019 2:00;24;6;18
20.09.2019 3:00;8;5;3
20.09.2019 4:00;8;3;5
20.09.2019 5:00;59;41;18
20.09.2019 6:00;218;143;75
20.09.2019 7:00;1234;762;472
20.09.2019 8:00;942;572;370
20.09.2019 9:00;855;570;285
20.09.2019 10:00;805;474;331
20.09.2019 11:00;644;388;256
20.09.2019 12:00;1217;636;581
20.09.2019 13:00;1426;528;898
20.09.2019 14:00;1151;526;625
20.09.2019 15:00;1020;513;507
20.09.2019 16:00;1168;593;575
20.09.2019 17:00;1101;566;535
20.09.2019 18:00;1081;511;570
20.09.2019 19:00;835;428;407
20.09.2019 20:00;560;233;327
20.09.2019 21:00;389;170;219
20.09.2019 22:00;312;98;214
20.09.2019 23:00;274;66;208
21.09.2019 0:00;188;42;146
21.09.2019 1:00;119;30;89
21.09.2019 2:00;65;34;31
21.09.2019 3:00;31;10;21
21.09.2019 4:00;40;18;22
21.09.2019 5:00;34;19;15
21.09.2019 6:00;62;46;16
21.09.2019 7:00;122;72;50
21.09.2019 8:00;274;162;112
21.09.2019 9:00;543;344;199
21.09.2019 10:00;823;502;321
21.09.2019 11:00;949;578;371
21.09.2019 12:00;951;513;438
21.09.2019 13:00;967;495;472
21.09.2019 14:00;984;482;502
21.09.2019 15:00;953;454;499
21.09.2019 16:00;955;478;477
21.09.2019 17:00;936;437;499
21.09.2019 18:00;801;373;428
21.09.2019 19:00;668;359;309
21.09.2019 20:00;437;224;213
21.09.2019 21:00;366;130;236
21.09.2019 22:00;243;76;167
21.09.2019 23:00;184;52;132
22.09.2019 0:00;171;53;118
22.09.2019 1:00;129;35;94
22.09.2019 2:00;63;23;40
22.09.2019 3:00;64;29;35
22.09.2019 4:00;15;8;7
22.09.2019 5:00;20;7;13
22.09.2019 6:00;41;24;17
22.09.2019 7:00;48;32;16
22.09.2019 8:00;127;65;62
22.09.2019 9:00;295;158;137
22.09.2019 10:00;340;184;156
22.09.2019 11:00;512;257;255
22.09.2019 12:00;500;233;267
22.09.2019 13:00;541;255;286
22.09.2019 14:00;631;350;281
22.09.2019 15:00;669;356;313
22.09.2019 16:00;634;335;299
22.09.2019 17:00;652;320;332
22.09.2019 18:00;631;304;327
22.09.2019 19:00;469;213;256
22.09.2019 20:00;272;114;158
22.09.2019 21:00;158;71;87
22.09.2019 22:00;131;42;89
22.09.2019 23:00;57;17;40
23.09.2019 0:00;36;14;22
23.09.2019 1:00;11;4;7
23.09.2019 2:00;5;4;1
23.09.2019 3:00;6;2;4
23.09.2019 4:00;8;6;2
23.09.2019 5:00;53;38;15
23.09.2019 6:00;185;112;73
23.09.2019 7:00;884;579;305
23.09.2019 8:00;650;380;270
23.09.2019 9:00;434;265;169
23.09.2019 10:00;205;108;97
23.09.2019 11:00;291;118;173
23.09.2019 12:00;324;152;172
23.09.2019 13:00;633;272;361
23.09.2019 14:00;534;273;261
23.09.2019 15:00;834;427;407
23.09.2019 16:00;919;498;421
23.09.2019 17:00;1028;508;520
23.09.2019 18:00;917;437;480
23.09.2019 19:00;634;290;344
23.09.2019 20:00;418;198;220
23.09.2019 21:00;263;112;151
23.09.2019 22:00;216;81;135
23.09.2019 23:00;112;35;77
24.09.2019 0:00;50;18;32
24.09.2019 1:00;27;5;22
24.09.2019 2:00;17;7;10
24.09.2019 3:00;7;1;6
24.09.2019 4:00;3;2;1
24.09.2019 5:00;66;51;15
24.09.2019 6:00;252;160;92
24.09.2019 7:00;1142;749;393
24.09.2019 8:00;974;596;378
24.09.2019 9:00;836;500;336
24.09.2019 10:00;646;339;307
24.09.2019 11:00;725;353;372
24.09.2019 12:00;775;357;418
24.09.2019 13:00;1061;460;601
24.09.2019 14:00;815;417;398
24.09.2019 15:00;1050;485;565
24.09.2019 16:00;1091;532;559
24.09.2019 17:00;1156;542;614
24.09.2019 18:00;914;373;541
24.09.2019 19:00;706;309;397
24.09.2019 20:00;383;148;235
24.09.2019 21:00;281;132;149
24.09.2019 22:00;220;80;140
24.09.2019 23:00;109;35;74
25.09.2019 0:00;59;21;38
25.09.2019 1:00;23;8;15
25.09.2019 2:00;15;3;12
25.09.2019 3:00;7;4;3
25.09.2019 4:00;9;6;3
25.09.2019 5:00;75;55;20
25.09.2019 6:00;235;151;84
25.09.2019 7:00;1135;724;411
25.09.2019 8:00;948;584;364
25.09.2019 9:00;754;477;277
25.09.2019 10:00;594;332;262
25.09.2019 11:00;672;346;326
25.09.2019 12:00;791;328;463
25.09.2019 13:00;944;437;507
25.09.2019 14:00;759;390;369
25.09.2019 15:00;1021;468;553
25.09.2019 16:00;993;503;490
25.09.2019 17:00;1116;515;601
25.09.2019 18:00;942;432;510
25.09.2019 19:00;645;326;319
25.09.2019 20:00;461;213;248
25.09.2019 21:00;327;128;199
25.09.2019 22:00;265;75;190
25.09.2019 23:00;182;58;124
26.09.2019 0:00;77;22;55
26.09.2019 1:00;61;10;51
26.09.2019 2:00;16;5;11
26.09.2019 3:00;6;3;3
26.09.2019 4:00;9;6;3
26.09.2019 5:00;64;50;14
26.09.2019 6:00;203;129;74
26.09.2019 7:00;967;599;368
26.09.2019 8:00;768;462;306
26.09.2019 9:00;541;348;193
26.09.2019 10:00;424;232;192
26.09.2019 11:00;493;273;220
26.09.2019 12:00;586;264;322
26.09.2019 13:00;833;355;478
26.09.2019 14:00;604;304;300
26.09.2019 15:00;984;533;451
26.09.2019 16:00;970;499;471
26.09.2019 17:00;1118;532;586
26.09.2019 18:00;955;448;507
26.09.2019 19:00;635;324;311
26.09.2019 20:00;437;226;211
26.09.2019 21:00;284;120;164
26.09.2019 22:00;285;99;186
26.09.2019 23:00;192;50;142
27.09.2019 0:00;90;24;66
27.09.2019 1:00;51;13;38
27.09.2019 2:00;18;7;11
27.09.2019 3:00;8;5;3
27.09.2019 4:00;8;6;2
27.09.2019 5:00;72;51;21
27.09.2019 6:00;197;132;65
27.09.2019 7:00;1055;642;413
27.09.2019 8:00;899;542;357
27.09.2019 9:00;778;503;275
27.09.2019 10:00;686;419;267
27.09.2019 11:00;791;432;359
27.09.2019 12:00;1004;460;544
27.09.2019 13:00;1197;510;687
27.09.2019 14:00;957;493;464
27.09.2019 15:00;1149;614;535
27.09.2019 16:00;1063;508;555
27.09.2019 17:00;1057;514;543
27.09.2019 18:00;928;453;475
27.09.2019 19:00;669;303;366
27.09.2019 20:00;467;224;243
27.09.2019 21:00;333;143;190
27.09.2019 22:00;263;78;185
27.09.2019 23:00;238;65;173
28.09.2019 0:00;141;42;99
28.09.2019 1:00;80;15;65
28.09.2019 2:00;54;19;35
28.09.2019 3:00;22;11;11
28.09.2019 4:00;17;11;6
28.09.2019 5:00;27;16;11
28.09.2019 6:00;61;45;16
28.09.2019 7:00;98;61;37
28.09.2019 8:00;251;146;105
28.09.2019 9:00;485;314;171
28.09.2019 10:00;623;375;248
28.09.2019 11:00;780;435;345
28.09.2019 12:00;771;441;330
28.09.2019 13:00;825;452;373
28.09.2019 14:00;836;447;389
28.09.2019 15:00;845;447;398
28.09.2019 16:00;844;421;423
28.09.2019 17:00;875;374;501
28.09.2019 18:00;763;353;410
28.09.2019 19:00;593;301;292
28.09.2019 20:00;423;188;235
28.09.2019 21:00;284;132;152
28.09.2019 22:00;217;85;132
28.09.2019 23:00;205;75;130
29.09.2019 0:00;180;52;128
29.09.2019 1:00;125;34;91
29.09.2019 2:00;77;12;65
29.09.2019 3:00;58;15;43
29.09.2019 4:00;24;11;13
29.09.2019 5:00;24;13;11
29.09.2019 6:00;41;28;13
29.09.2019 7:00;57;35;22
29.09.2019 8:00;109;66;43
29.09.2019 9:00;294;182;112
29.09.2019 10:00;500;290;210
29.09.2019 11:00;571;289;282
29.09.2019 12:00;668;344;324
29.09.2019 13:00;721;410;311
29.09.2019 14:00;795;439;356
29.09.2019 15:00;943;467;476
29.09.2019 16:00;867;390;477
29.09.2019 17:00;764;391;373
29.09.2019 18:00;684;325;359
29.09.2019 19:00;486;232;254
29.09.2019 20:00;312;128;184
29.09.2019 21:00;161;73;88
29.09.2019 22:00;154;60;94
29.09.2019 23:00;73;36;37
30.09.2019 0:00;37;12;25
30.09.2019 1:00;32;14;18
30.09.2019 2:00;7;6;1
30.09.2019 3:00;5;3;2
30.09.2019 4:00;13;9;4
30.09.2019 5:00;72;52;20
30.09.2019 6:00;220;145;75
30.09.2019 7:00;1213;797;416
30.09.2019 8:00;922;551;371
30.09.2019 9:00;822;491;331
30.09.2019 10:00;621;347;274
30.09.2019 11:00;701;353;348
30.09.2019 12:00;812;402;410
30.09.2019 13:00;1073;514;559
30.09.2019 14:00;885;452;433
30.09.2019 15:00;1192;587;605
30.09.2019 16:00;1229;590;639
30.09.2019 17:00;1303;593;710
30.09.2019 18:00;1053;487;566
30.09.2019 19:00;774;362;412
30.09.2019 20:00;515;243;272
30.09.2019 21:00;351;134;217
30.09.2019 22:00;263;106;157
30.09.2019 23:00;159;48;111
01.10.2019 0:00;67;17;50
01.10.2019 1:00;32;11;21
01.10.2019 2:00;10;5;5
01.10.2019 3:00;3;1;2
01.10.2019 4:00;13;10;3
01.10.2019 5:00;63;44;19
01.10.2019 6:00;235;149;86
01.10.2019 7:00;1391;939;452
01.10.2019 8:00;1047;630;417
01.10.2019 9:00;1031;703;328
01.10.2019 10:00;780;438;342
01.10.2019 11:00;1097;525;572
01.10.2019 12:00;1019;411;608
01.10.2019 13:00;1237;544;693
01.10.2019 14:00;1045;526;519
01.10.2019 15:00;1302;626;676
01.10.2019 16:00;1325;615;710
01.10.2019 17:00;1565;736;829
01.10.2019 18:00;1256;486;770
01.10.2019 19:00;772;361;411
01.10.2019 20:00;460;220;240
01.10.2019 21:00;371;167;204
01.10.2019 22:00;239;92;147
01.10.2019 23:00;128;43;85
02.10.2019 0:00;71;20;51
02.10.2019 1:00;41;6;35
02.10.2019 2:00;10;3;7
02.10.2019 3:00;11;4;7
02.10.2019 4:00;12;9;3
02.10.2019 5:00;50;35;15
02.10.2019 6:00;198;131;67
02.10.2019 7:00;1183;773;410
02.10.2019 8:00;974;630;344
02.10.2019 9:00;700;449;251
02.10.2019 10:00;553;289;264
02.10.2019 11:00;774;362;412
02.10.2019 12:00;804;358;446
02.10.2019 13:00;1065;570;495
02.10.2019 14:00;793;413;380
02.10.2019 15:00;1080;506;574
02.10.2019 16:00;919;402;517
02.10.2019 17:00;1035;453;582
02.10.2019 18:00;821;345;476
02.10.2019 19:00;596;268;328
02.10.2019 20:00;473;240;233
02.10.2019 21:00;276;146;130
02.10.2019 22:00;254;90;164
02.10.2019 23:00;171;60;111
03.10.2019 0:00;133;36;97
03.10.2019 1:00;117;34;83
03.10.2019 2:00;60;16;44
03.10.2019 3:00;49;16;33
03.10.2019 4:00;14;5;9
03.10.2019 5:00;33;25;8
03.10.2019 6:00;81;66;15
03.10.2019 7:00;112;99;13
03.10.2019 8:00;177;113;64
03.10.2019 9:00;237;124;113
03.10.2019 10:00;331;204;127
03.10.2019 11:00;415;231;184
03.10.2019 12:00;459;261;198
03.10.2019 13:00;491;273;218
03.10.2019 14:00;601;312;289
03.10.2019 15:00;644;358;286
03.10.2019 16:00;653;299;354
03.10.2019 17:00;732;335;397
03.10.2019 18:00;586;251;335
03.10.2019 19:00;473;243;230
03.10.2019 20:00;322;151;171
03.10.2019 21:00;200;87;113
03.10.2019 22:00;192;75;117
03.10.2019 23:00;157;37;120
04.10.2019 0:00;81;27;54
04.10.2019 1:00;61;17;44
04.10.2019 2:00;16;3;13
04.10.2019 3:00;20;3;17
04.10.2019 4:00;9;5;4
04.10.2019 5:00;49;35;14
04.10.2019 6:00;157;114;43
04.10.2019 7:00;411;287;124
04.10.2019 8:00;607;414;193
04.10.2019 9:00;609;395;214
04.10.2019 10:00;682;389;293
04.10.2019 11:00;631;336;295
04.10.2019 12:00;600;231;369
04.10.2019 13:00;583;253;330
04.10.2019 14:00;589;262;327
04.10.2019 15:00;542;251;291
04.10.2019 16:00;646;321;325
04.10.2019 17:00;654;274;380
04.10.2019 18:00;592;281;311
04.10.2019 19:00;465;227;238
04.10.2019 20:00;323;163;160
04.10.2019 21:00;234;104;130
04.10.2019 22:00;198;79;119
04.10.2019 23:00;169;44;125
05.10.2019 0:00;141;32;109
05.10.2019 1:00;66;21;45
05.10.2019 2:00;44;11;33
05.10.2019 3:00;32;12;20
05.10.2019 4:00;20;14;6
05.10.2019 5:00;27;14;13
05.10.2019 6:00;41;27;14
05.10.2019 7:00;83;56;27
05.10.2019 8:00;180;124;56
05.10.2019 9:00;345;221;124
05.10.2019 10:00;431;272;159
05.10.2019 11:00;540;314;226
05.10.2019 12:00;533;299;234
05.10.2019 13:00;465;219;246
05.10.2019 14:00;411;192;219
05.10.2019 15:00;418;179;239
05.10.2019 16:00;386;177;209
05.10.2019 17:00;432;207;225
05.10.2019 18:00;343;147;196
05.10.2019 19:00;308;168;140
05.10.2019 20:00;200;88;112
05.10.2019 21:00;179;86;93
05.10.2019 22:00;138;62;76
05.10.2019 23:00;155;72;83
06.10.2019 0:00;100;26;74
06.10.2019 1:00;77;18;59
06.10.2019 2:00;67;24;43
06.10.2019 3:00;27;8;19
06.10.2019 4:00;24;16;8
06.10.2019 5:00;23;10;13
06.10.2019 6:00;32;25;7
06.10.2019 7:00;59;36;23
06.10.2019 8:00;80;42;38
06.10.2019 9:00;157;83;74
06.10.2019 10:00;178;92;86
06.10.2019 11:00;292;152;140
06.10.2019 12:00;257;112;145
06.10.2019 13:00;327;150;177
06.10.2019 14:00;333;165;168
06.10.2019 15:00;326;187;139
06.10.2019 16:00;320;160;160
06.10.2019 17:00;324;139;185
06.10.2019 18:00;293;122;171
06.10.2019 19:00;221;104;117
06.10.2019 20:00;131;72;59
06.10.2019 21:00;83;40;43
06.10.2019 22:00;93;38;55
06.10.2019 23:00;35;13;22
07.10.2019 0:00;25;15;10
07.10.2019 1:00;13;7;6
07.10.2019 2:00;1;0;1
07.10.2019 3:00;4;2;2
07.10.2019 4:00;12;10;2
07.10.2019 5:00;62;46;16
07.10.2019 6:00;211;139;72
07.10.2019 7:00;1252;857;395
07.10.2019 8:00;889;535;354
07.10.2019 9:00;899;592;307
07.10.2019 10:00;616;318;298
07.10.2019 11:00;716;370;346
07.10.2019 12:00;819;401;418
07.10.2019 13:00;1208;529;679
07.10.2019 14:00;871;453;418
07.10.2019 15:00;1346;577;769
07.10.2019 16:00;1195;573;622
07.10.2019 17:00;1307;559;748
07.10.2019 18:00;1092;490;602
07.10.2019 19:00;724;307;417
07.10.2019 20:00;515;237;278
07.10.2019 21:00;341;137;204
07.10.2019 22:00;263;99;164
07.10.2019 23:00;131;40;91
08.10.2019 0:00;74;25;49
08.10.2019 1:00;31;11;20
08.10.2019 2:00;17;9;8
08.10.2019 3:00;8;4;4
08.10.2019 4:00;13;9;4
08.10.2019 5:00;71;62;9
08.10.2019 6:00;229;148;81
08.10.2019 7:00;1414;967;447
08.10.2019 8:00;959;595;364
08.10.2019 9:00;985;672;313
08.10.2019 10:00;583;318;265
08.10.2019 11:00;949;491;458
08.10.2019 12:00;892;320;572
08.10.2019 13:00;1154;543;611
08.10.2019 14:00;806;382;424
08.10.2019 15:00;1230;546;684
08.10.2019 16:00;1154;578;576
08.10.2019 17:00;1342;569;773
08.10.2019 18:00;1177;541;636
08.10.2019 19:00;826;359;467
08.10.2019 20:00;487;188;299
08.10.2019 21:00;412;134;278
08.10.2019 22:00;286;103;183
08.10.2019 23:00;147;56;91
09.10.2019 0:00;71;27;44
09.10.2019 1:00;35;6;29
09.10.2019 2:00;11;4;7
09.10.2019 3:00;6;2;4
09.10.2019 4:00;14;11;3
09.10.2019 5:00;52;32;20
09.10.2019 6:00;155;110;45
09.10.2019 7:00;776;529;247
09.10.2019 8:00;592;365;227
09.10.2019 9:00;477;304;173
09.10.2019 10:00;263;146;117
09.10.2019 11:00;320;132;188
09.10.2019 12:00;407;177;230
09.10.2019 13:00;637;308;329
09.10.2019 14:00;367;137;230
09.10.2019 15:00;611;255;356
09.10.2019 16:00;577;274;303
09.10.2019 17:00;782;376;406
09.10.2019 18:00;665;306;359
09.10.2019 19:00;502;221;281
09.10.2019 20:00;379;170;209
09.10.2019 21:00;244;101;143
09.10.2019 22:00;181;73;108
09.10.2019 23:00;106;49;57
10.10.2019 0:00;65;29;36
10.10.2019 1:00;44;10;34
10.10.2019 2:00;17;8;9
10.10.2019 3:00;3;2;1
10.10.2019 4:00;10;7;3
10.10.2019 5:00;58;42;16
10.10.2019 6:00;211;140;71
10.10.2019 7:00;1260;833;427
10.10.2019 8:00;920;571;349
10.10.2019 9:00;833;568;265
10.10.2019 10:00;585;334;251
10.10.2019 11:00;773;385;388
10.10.2019 12:00;795;357;438
10.10.2019 13:00;1140;494;646
10.10.2019 14:00;769;384;385
10.10.2019 15:00;1231;598;633
10.10.2019 16:00;1096;527;569
10.10.2019 17:00;1305;517;788
10.10.2019 18:00;1106;509;597
10.10.2019 19:00;778;336;442
10.10.2019 20:00;487;205;282
10.10.2019 21:00;331;131;200
10.10.2019 22:00;336;118;218
10.10.2019 23:00;160;57;103
11.10.2019 0:00;92;43;49
11.10.2019 1:00;57;19;38
11.10.2019 2:00;9;3;6
11.10.2019 3:00;14;7;7
11.10.2019 4:00;16;12;4
11.10.2019 5:00;52;39;13
11.10.2019 6:00;212;136;76
11.10.2019 7:00;1219;827;392
11.10.2019 8:00;939;601;338
11.10.2019 9:00;835;530;305
11.10.2019 10:00;713;415;298
11.10.2019 11:00;942;429;513
11.10.2019 12:00;1094;496;598
11.10.2019 13:00;1305;542;763
11.10.2019 14:00;1016;495;521
11.10.2019 15:00;1077;540;537
11.10.2019 16:00;1096;547;549
11.10.2019 17:00;1045;439;606
11.10.2019 18:00;901;439;462
11.10.2019 19:00;774;359;415
11.10.2019 20:00;418;201;217
11.10.2019 21:00;312;161;151
11.10.2019 22:00;277;117;160
11.10.2019 23:00;208;74;134
12.10.2019 0:00;152;35;117
12.10.2019 1:00;89;16;73
12.10.2019 2:00;63;17;46
12.10.2019 3:00;45;15;30
12.10.2019 4:00;16;6;10
12.10.2019 5:00;27;17;10
12.10.2019 6:00;68;48;20
12.10.2019 7:00;106;69;37
12.10.2019 8:00;263;177;86
12.10.2019 9:00;503;317;186
12.10.2019 10:00;695;429;266
12.10.2019 11:00;819;473;346
12.10.2019 12:00;847;487;360
12.10.2019 13:00;844;400;444
12.10.2019 14:00;913;476;437
12.10.2019 15:00;801;390;411
12.10.2019 16:00;829;387;442
12.10.2019 17:00;803;355;448
12.10.2019 18:00;752;328;424
12.10.2019 19:00;540;262;278
12.10.2019 20:00;363;170;193
12.10.2019 21:00;262;104;158
12.10.2019 22:00;258;119;139
12.10.2019 23:00;233;73;160
13.10.2019 0:00;135;57;78
13.10.2019 1:00;121;49;72
13.10.2019 2:00;95;35;60
13.10.2019 3:00;71;23;48
13.10.2019 4:00;24;16;8
13.10.2019 5:00;19;5;14
13.10.2019 6:00;39;28;11
13.10.2019 7:00;48;31;17
13.10.2019 8:00;104;58;46
13.10.2019 9:00;263;139;124
13.10.2019 10:00;375;200;175
13.10.2019 11:00;558;291;267
13.10.2019 12:00;781;431;350
13.10.2019 13:00;849;497;352
13.10.2019 14:00;928;498;430
13.10.2019 15:00;984;499;485
13.10.2019 16:00;929;417;512
13.10.2019 17:00;870;376;494
13.10.2019 18:00;801;363;438
13.10.2019 19:00;381;160;221
13.10.2019 20:00;289;133;156
13.10.2019 21:00;157;59;98
13.10.2019 22:00;155;56;99
13.10.2019 23:00;78;24;54
14.10.2019 0:00;43;19;24
14.10.2019 1:00;23;10;13
14.10.2019 2:00;7;3;4
14.10.2019 3:00;7;3;4
14.10.2019 4:00;11;10;1
14.10.2019 5:00;54;39;15
14.10.2019 6:00;239;153;86
14.10.2019 7:00;1318;906;412
14.10.2019 8:00;976;566;410
14.10.2019 9:00;870;551;319
14.10.2019 10:00;622;346;276
14.10.2019 11:00;815;417;398
14.10.2019 12:00;885;419;466
14.10.2019 13:00;1333;601;732
14.10.2019 14:00;924;475;449
14.10.2019 15:00;1422;680;742
14.10.2019 16:00;1371;650;721
14.10.2019 17:00;1539;697;842
14.10.2019 18:00;1204;566;638
14.10.2019 19:00;797;375;422
14.10.2019 20:00;599;267;332
14.10.2019 21:00;394;176;218
14.10.2019 22:00;302;118;184
14.10.2019 23:00;128;45;83
15.10.2019 0:00;90;21;69
15.10.2019 1:00;49;15;34
15.10.2019 2:00;28;15;13
15.10.2019 3:00;13;7;6
15.10.2019 4:00;19;15;4
15.10.2019 5:00;68;49;19
15.10.2019 6:00;198;121;77
15.10.2019 7:00;1292;860;432
15.10.2019 8:00;957;608;349
15.10.2019 9:00;998;668;330
15.10.2019 10:00;667;384;283
15.10.2019 11:00;919;504;415
15.10.2019 12:00;911;366;545
15.10.2019 13:00;1181;552;629
15.10.2019 14:00;842;412;430
15.10.2019 15:00;1219;532;687
15.10.2019 16:00;1185;571;614
15.10.2019 17:00;1225;538;687
15.10.2019 18:00;845;343;502
15.10.2019 19:00;612;263;349
15.10.2019 20:00;344;120;224
15.10.2019 21:00;251;88;163
15.10.2019 22:00;201;68;133
15.10.2019 23:00;104;43;61
16.10.2019 0:00;57;19;38
16.10.2019 1:00;29;15;14
16.10.2019 2:00;11;2;9
16.10.2019 3:00;7;3;4
16.10.2019 4:00;12;7;5
16.10.2019 5:00;62;41;21
16.10.2019 6:00;222;144;78
16.10.2019 7:00;1335;919;416
16.10.2019 8:00;973;618;355
16.10.2019 9:00;983;632;351
16.10.2019 10:00;636;340;296
16.10.2019 11:00;870;406;464
16.10.2019 12:00;975;450;525
16.10.2019 13:00;1248;634;614
16.10.2019 14:00;987;508;479
16.10.2019 15:00;1381;614;767
16.10.2019 16:00;1262;605;657
16.10.2019 17:00;1409;628;781
16.10.2019 18:00;1230;584;646
16.10.2019 19:00;916;438;478
16.10.2019 20:00;572;257;315
16.10.2019 21:00;418;164;254
16.10.2019 22:00;322;77;245
16.10.2019 23:00;161;52;109
17.10.2019 0:00;107;26;81
17.10.2019 1:00;48;8;40
17.10.2019 2:00;18;8;10
17.10.2019 3:00;12;7;5
17.10.2019 4:00;19;10;9
17.10.2019 5:00;60;43;17
17.10.2019 6:00;191;130;61
17.10.2019 7:00;1368;912;456
17.10.2019 8:00;947;581;366
17.10.2019 9:00;896;594;302
17.10.2019 10:00;605;345;260
17.10.2019 11:00;862;407;455
17.10.2019 12:00;885;418;467
17.10.2019 13:00;1248;524;724
17.10.2019 14:00;966;486;480
17.10.2019 15:00;1304;614;690
17.10.2019 16:00;1233;634;599
17.10.2019 17:00;1429;614;815
17.10.2019 18:00;1216;585;631
17.10.2019 19:00;878;465;413
17.10.2019 20:00;556;252;304
17.10.2019 21:00;435;173;262
17.10.2019 22:00;333;128;205
17.10.2019 23:00;231;87;144
18.10.2019 0:00;109;26;83
18.10.2019 1:00;96;12;84
18.10.2019 2:00;82;9;73
18.10.2019 3:00;55;10;45
18.10.2019 4:00;18;6;12
18.10.2019 5:00;57;43;14
18.10.2019 6:00;195;122;73
18.10.2019 7:00;1161;793;368
18.10.2019 8:00;837;532;305
18.10.2019 9:00;936;608;328
18.10.2019 10:00;640;371;269
18.10.2019 11:00;828;408;420
18.10.2019 12:00;894;404;490
18.10.2019 13:00;1213;459;754
18.10.2019 14:00;857;454;403
18.10.2019 15:00;958;447;511
18.10.2019 16:00;936;417;519
18.10.2019 17:00;910;410;500
18.10.2019 18:00;848;380;468
18.10.2019 19:00;731;372;359
18.10.2019 20:00;448;223;225
18.10.2019 21:00;300;157;143
18.10.2019 22:00;302;118;184
18.10.2019 23:00;261;107;154
19.10.2019 0:00;188;49;139
19.10.2019 1:00;165;45;120
19.10.2019 2:00;61;16;45
19.10.2019 3:00;72;17;55
19.10.2019 4:00;20;6;14
19.10.2019 5:00;30;20;10
19.10.2019 6:00;53;39;14
19.10.2019 7:00;105;66;39
19.10.2019 8:00;201;132;69
19.10.2019 9:00;342;226;116
19.10.2019 10:00;303;189;114
19.10.2019 11:00;331;166;165
19.10.2019 12:00;323;175;148
19.10.2019 13:00;398;222;176
19.10.2019 14:00;595;329;266
19.10.2019 15:00;660;390;270
19.10.2019 16:00;665;367;298
19.10.2019 17:00;691;296;395
19.10.2019 18:00;604;279;325
19.10.2019 19:00;500;307;193
19.10.2019 20:00;339;173;166
19.10.2019 21:00;314;111;203
19.10.2019 22:00;266;95;171
19.10.2019 23:00;182;55;127
20.10.2019 0:00;205;70;135
20.10.2019 1:00;145;50;95
20.10.2019 2:00;110;40;70
20.10.2019 3:00;77;21;56
20.10.2019 4:00;32;19;13
20.10.2019 5:00;25;11;14
20.10.2019 6:00;52;38;14
20.10.2019 7:00;37;22;15
20.10.2019 8:00;99;51;48
20.10.2019 9:00;230;151;79
20.10.2019 10:00;568;454;114
20.10.2019 11:00;630;489;141
20.10.2019 12:00;753;412;341
20.10.2019 13:00;800;349;451
20.10.2019 14:00;851;387;464
20.10.2019 15:00;985;548;437
20.10.2019 16:00;862;405;457
20.10.2019 17:00;966;334;632
20.10.2019 18:00;544;249;295
20.10.2019 19:00;374;159;215
20.10.2019 20:00;305;105;200
20.10.2019 21:00;163;59;104
20.10.2019 22:00;143;40;103
20.10.2019 23:00;77;29;48
21.10.2019 0:00;47;22;25
21.10.2019 1:00;15;7;8
21.10.2019 2:00;7;7;0
21.10.2019 3:00;5;3;2
21.10.2019 4:00;14;9;5
21.10.2019 5:00;49;40;9
21.10.2019 6:00;222;156;66
21.10.2019 7:00;1017;674;343
21.10.2019 8:00;751;434;317
21.10.2019 9:00;746;456;290
21.10.2019 10:00;483;283;200
21.10.2019 11:00;671;355;316
21.10.2019 12:00;749;347;402
21.10.2019 13:00;1018;488;530
21.10.2019 14:00;703;358;345
21.10.2019 15:00;1046;512;534
21.10.2019 16:00;997;484;513
21.10.2019 17:00;1181;530;651
21.10.2019 18:00;961;448;513
21.10.2019 19:00;768;333;435
21.10.2019 20:00;513;229;284
21.10.2019 21:00;339;136;203
21.10.2019 22:00;292;117;175
21.10.2019 23:00;118;38;80
22.10.2019 0:00;80;29;51
22.10.2019 1:00;27;6;21
22.10.2019 2:00;6;6;0
22.10.2019 3:00;13;8;5
22.10.2019 4:00;8;4;4
22.10.2019 5:00;63;49;14
22.10.2019 6:00;248;179;69
22.10.2019 7:00;1394;921;473
22.10.2019 8:00;994;611;383
22.10.2019 9:00;1050;673;377
22.10.2019 10:00;635;363;272
22.10.2019 11:00;881;471;410
22.10.2019 12:00;890;377;513
22.10.2019 13:00;1227;552;675
22.10.2019 14:00;790;366;424
22.10.2019 15:00;1326;577;749
22.10.2019 16:00;1128;540;588
22.10.2019 17:00;1427;692;735
22.10.2019 18:00;1206;560;646
22.10.2019 19:00;950;407;543
22.10.2019 20:00;518;235;283
22.10.2019 21:00;417;178;239
22.10.2019 22:00;344;107;237
22.10.2019 23:00;184;68;116
23.10.2019 0:00;84;27;57
23.10.2019 1:00;65;31;34
23.10.2019 2:00;22;8;14
23.10.2019 3:00;14;8;6
23.10.2019 4:00;9;6;3
23.10.2019 5:00;60;37;23
23.10.2019 6:00;245;173;72
23.10.2019 7:00;1442;961;481
23.10.2019 8:00;1025;656;369
23.10.2019 9:00;947;608;339
23.10.2019 10:00;626;355;271
23.10.2019 11:00;776;378;398
23.10.2019 12:00;934;422;512
23.10.2019 13:00;1282;604;678
23.10.2019 14:00;936;481;455
23.10.2019 15:00;1227;535;692
23.10.2019 16:00;1231;573;658
23.10.2019 17:00;1411;656;755
23.10.2019 18:00;1198;593;605
23.10.2019 19:00;912;443;469
23.10.2019 20:00;678;297;381
23.10.2019 21:00;402;155;247
23.10.2019 22:00;381;114;267
23.10.2019 23:00;228;85;143
24.10.2019 0:00;81;26;55
24.10.2019 1:00;48;15;33
24.10.2019 2:00;21;14;7
24.10.2019 3:00;24;19;5
24.10.2019 4:00;16;12;4
24.10.2019 5:00;72;58;14
24.10.2019 6:00;251;173;78
24.10.2019 7:00;1437;970;467
24.10.2019 8:00;1026;624;402
24.10.2019 9:00;914;587;327
24.10.2019 10:00;589;344;245
24.10.2019 11:00;760;383;377
24.10.2019 12:00;866;367;499
24.10.2019 13:00;1215;490;725
24.10.2019 14:00;863;450;413
24.10.2019 15:00;1243;621;622
24.10.2019 16:00;1202;559;643
24.10.2019 17:00;1373;601;772
24.10.2019 18:00;1256;568;688
24.10.2019 19:00;806;371;435
24.10.2019 20:00;535;223;312
24.10.2019 21:00;393;149;244
24.10.2019 22:00;355;116;239
24.10.2019 23:00;183;70;113
25.10.2019 0:00;98;41;57
25.10.2019 1:00;93;53;40
25.10.2019 2:00;26;13;13
25.10.2019 3:00;20;14;6
25.10.2019 4:00;12;10;2
25.10.2019 5:00;51;35;16
25.10.2019 6:00;205;129;76
25.10.2019 7:00;1255;826;429
25.10.2019 8:00;941;600;341
25.10.2019 9:00;912;552;360
25.10.2019 10:00;678;415;263
25.10.2019 11:00;831;448;383
25.10.2019 12:00;1103;484;619
25.10.2019 13:00;1333;543;790
25.10.2019 14:00;1017;502;515
25.10.2019 15:00;999;487;512
25.10.2019 16:00;973;490;483
25.10.2019 17:00;1005;471;534
25.10.2019 18:00;1011;464;547
25.10.2019 19:00;662;316;346
25.10.2019 20:00;405;213;192
25.10.2019 21:00;302;109;193
25.10.2019 22:00;291;104;187
25.10.2019 23:00;233;68;165
26.10.2019 0:00;163;52;111
26.10.2019 1:00;114;31;83
26.10.2019 2:00;71;33;38
26.10.2019 3:00;45;17;28
26.10.2019 4:00;22;14;8
26.10.2019 5:00;29;18;11
26.10.2019 6:00;61;43;18
26.10.2019 7:00;96;71;25
26.10.2019 8:00;220;130;90
26.10.2019 9:00;403;259;144
26.10.2019 10:00;508;309;199
26.10.2019 11:00;675;388;287
26.10.2019 12:00;673;390;283
26.10.2019 13:00;667;372;295
26.10.2019 14:00;721;379;342
26.10.2019 15:00;706;363;343
26.10.2019 16:00;731;324;407
26.10.2019 17:00;674;306;368
26.10.2019 18:00;604;248;356
26.10.2019 19:00;428;220;208
26.10.2019 20:00;328;147;181
26.10.2019 21:00;225;111;114
26.10.2019 22:00;204;77;127
26.10.2019 23:00;183;66;117
27.10.2019 0:00;175;65;110
27.10.2019 1:00;135;34;101
27.10.2019 2:00;106;28;78
27.10.2019 3:00;38;12;26
27.10.2019 4:00;21;8;13
27.10.2019 5:00;25;12;13
27.10.2019 6:00;40;31;9
27.10.2019 7:00;57;36;21
27.10.2019 8:00;91;50;41
27.10.2019 9:00;253;137;116
27.10.2019 10:00;302;165;137
27.10.2019 11:00;343;181;162
27.10.2019 12:00;453;210;243
27.10.2019 13:00;476;235;241
27.10.2019 14:00;573;289;284
27.10.2019 15:00;548;282;266
27.10.2019 16:00;629;276;353
27.10.2019 17:00;497;259;238
27.10.2019 18:00;354;183;171
27.10.2019 19:00;266;142;124
27.10.2019 20:00;199;80;119
27.10.2019 21:00;161;67;94
27.10.2019 22:00;131;52;79
27.10.2019 23:00;70;26;44
28.10.2019 0:00;54;22;32
28.10.2019 1:00;25;7;18
28.10.2019 2:00;9;5;4
28.10.2019 3:00;4;1;3
28.10.2019 4:00;;;
28.10.2019 5:00;51;37;14
28.10.2019 6:00;161;107;54
28.10.2019 7:00;471;306;165
28.10.2019 8:00;450;269;181
28.10.2019 9:00;458;298;160
28.10.2019 10:00;327;203;124
28.10.2019 11:00;450;250;200
28.10.2019 12:00;473;229;244
28.10.2019 13:00;567;298;269
28.10.2019 14:00;503;249;254
28.10.2019 15:00;631;295;336
28.10.2019 16:00;690;313;377
28.10.2019 17:00;792;380;412
28.10.2019 18:00;643;265;378
28.10.2019 19:00;523;219;304
28.10.2019 20:00;337;159;178
28.10.2019 21:00;239;90;149
28.10.2019 22:00;194;94;100
28.10.2019 23:00;81;35;46
29.10.2019 0:00;52;12;40
29.10.2019 1:00;23;9;14
29.10.2019 2:00;14;4;10
29.10.2019 3:00;4;3;1
29.10.2019 4:00;10;7;3
29.10.2019 5:00;41;30;11
29.10.2019 6:00;166;107;59
29.10.2019 7:00;542;378;164
29.10.2019 8:00;549;336;213
29.10.2019 9:00;548;359;189
29.10.2019 10:00;266;162;104
29.10.2019 11:00;370;190;180
29.10.2019 12:00;464;212;252
29.10.2019 13:00;588;298;290
29.10.2019 14:00;457;241;216
29.10.2019 15:00;592;265;327
29.10.2019 16:00;613;293;320
29.10.2019 17:00;766;324;442
29.10.2019 18:00;535;204;331
29.10.2019 19:00;431;199;232
29.10.2019 20:00;322;128;194
29.10.2019 21:00;237;105;132
29.10.2019 22:00;202;61;141
29.10.2019 23:00;109;51;58
30.10.2019 0:00;38;13;25
30.10.2019 1:00;24;8;16
30.10.2019 2:00;19;12;7
30.10.2019 3:00;11;8;3
30.10.2019 4:00;17;9;8
30.10.2019 5:00;53;32;21
30.10.2019 6:00;155;106;49
30.10.2019 7:00;559;364;195
30.10.2019 8:00;578;376;202
30.10.2019 9:00;651;422;229
30.10.2019 10:00;449;271;178
30.10.2019 11:00;563;264;299
30.10.2019 12:00;583;285;298
30.10.2019 13:00;670;368;302
30.10.2019 14:00;502;240;262
30.10.2019 15:00;542;240;302
30.10.2019 16:00;574;246;328
30.10.2019 17:00;734;340;394
30.10.2019 18:00;606;258;348
30.10.2019 19:00;436;168;268
30.10.2019 20:00;252;112;140
30.10.2019 21:00;201;84;117
30.10.2019 22:00;203;78;125
30.10.2019 23:00;98;44;54
31.10.2019 0:00;53;17;36
31.10.2019 1:00;28;6;22
31.10.2019 2:00;15;5;10
31.10.2019 3:00;5;2;3
31.10.2019 4:00;6;4;2
31.10.2019 5:00;38;28;10
31.10.2019 6:00;168;108;60
31.10.2019 7:00;533;358;175
31.10.2019 8:00;649;407;242
31.10.2019 9:00;708;435;273
31.10.2019 10:00;465;271;194
31.10.2019 11:00;630;336;294
31.10.2019 12:00;627;285;342
31.10.2019 13:00;688;340;348
31.10.2019 14:00;633;306;327
31.10.2019 15:00;803;369;434
31.10.2019 16:00;827;382;445
31.10.2019 17:00;896;403;493
31.10.2019 18:00;725;363;362
31.10.2019 19:00;495;221;274
31.10.2019 20:00;455;241;214
31.10.2019 21:00;315;140;175
31.10.2019 22:00;244;119;125
31.10.2019 23:00;257;95;162
01.11.2019 0:00;187;64;123
01.11.2019 1:00;148;56;92
01.11.2019 2:00;147;64;83
01.11.2019 3:00;137;61;76
01.11.2019 4:00;86;65;21
01.11.2019 5:00;62;51;11
01.11.2019 6:00;65;57;8
01.11.2019 7:00;111;85;26
01.11.2019 8:00;122;68;54
01.11.2019 9:00;183;103;80
01.11.2019 10:00;230;119;111
01.11.2019 11:00;251;127;124
01.11.2019 12:00;290;140;150
01.11.2019 13:00;322;160;162
01.11.2019 14:00;385;203;182
01.11.2019 15:00;336;172;164
01.11.2019 16:00;326;154;172
01.11.2019 17:00;292;138;154
01.11.2019 18:00;264;119;145
01.11.2019 19:00;306;141;165
01.11.2019 20:00;179;88;91
01.11.2019 21:00;104;47;57
01.11.2019 22:00;120;41;79
01.11.2019 23:00;148;85;63
02.11.2019 0:00;81;32;49
02.11.2019 1:00;63;22;41
02.11.2019 2:00;18;7;11
02.11.2019 3:00;14;7;7
02.11.2019 4:00;2;2;0
02.11.2019 5:00;20;10;10
02.11.2019 6:00;28;20;8
02.11.2019 7:00;67;36;31
02.11.2019 8:00;155;94;61
02.11.2019 9:00;342;240;102
02.11.2019 10:00;585;357;228
02.11.2019 11:00;669;399;270
02.11.2019 12:00;722;394;328
02.11.2019 13:00;639;341;298
02.11.2019 14:00;704;342;362
02.11.2019 15:00;648;302;346
02.11.2019 16:00;615;259;356
02.11.2019 17:00;557;230;327
02.11.2019 18:00;471;201;270
02.11.2019 19:00;360;196;164
02.11.2019 20:00;271;134;137
02.11.2019 21:00;227;120;107
02.11.2019 22:00;221;92;129
02.11.2019 23:00;223;78;145
03.11.2019 0:00;121;42;79
03.11.2019 1:00;139;56;83
03.11.2019 2:00;98;25;73
03.11.2019 3:00;47;15;32
03.11.2019 4:00;16;3;13
03.11.2019 5:00;20;4;16
03.11.2019 6:00;28;14;14
03.11.2019 7:00;48;33;15
03.11.2019 8:00;68;41;27
03.11.2019 9:00;160;90;70
03.11.2019 10:00;206;122;84
03.11.2019 11:00;232;107;125
03.11.2019 12:00;243;121;122
03.11.2019 13:00;216;119;97
03.11.2019 14:00;333;178;155
03.11.2019 15:00;294;139;155
03.11.2019 16:00;244;117;127
03.11.2019 17:00;223;92;131
03.11.2019 18:00;198;93;105
03.11.2019 19:00;171;79;92
03.11.2019 20:00;134;62;72
03.11.2019 21:00;79;35;44
03.11.2019 22:00;88;39;49
03.11.2019 23:00;52;21;31
04.11.2019 0:00;23;6;17
04.11.2019 1:00;15;4;11
04.11.2019 2:00;2;1;1
04.11.2019 3:00;2;0;2
04.11.2019 4:00;10;8;2
04.11.2019 5:00;51;34;17
04.11.2019 6:00;210;145;65
04.11.2019 7:00;1243;790;453
04.11.2019 8:00;875;514;361
04.11.2019 9:00;810;503;307
04.11.2019 10:00;485;273;212
04.11.2019 11:00;713;317;396
04.11.2019 12:00;721;327;394
04.11.2019 13:00;1085;525;560
04.11.2019 14:00;697;371;326
04.11.2019 15:00;1134;512;622
04.11.2019 16:00;1019;460;559
04.11.2019 17:00;1089;510;579
04.11.2019 18:00;831;376;455
04.11.2019 19:00;670;305;365
04.11.2019 20:00;443;209;234
04.11.2019 21:00;314;144;170
04.11.2019 22:00;200;76;124
04.11.2019 23:00;123;46;77
05.11.2019 0:00;64;19;45
05.11.2019 1:00;34;4;30
05.11.2019 2:00;8;2;6
05.11.2019 3:00;10;4;6
05.11.2019 4:00;13;11;2
05.11.2019 5:00;53;40;13
05.11.2019 6:00;224;144;80
05.11.2019 7:00;1139;658;481
05.11.2019 8:00;927;574;353
05.11.2019 9:00;772;450;322
05.11.2019 10:00;571;353;218
05.11.2019 11:00;688;328;360
05.11.2019 12:00;806;352;454
05.11.2019 13:00;959;448;511
05.11.2019 14:00;751;390;361
05.11.2019 15:00;1111;513;598
05.11.2019 16:00;1041;497;544
05.11.2019 17:00;1180;576;604
05.11.2019 18:00;834;370;464
05.11.2019 19:00;723;333;390
05.11.2019 20:00;446;167;279
05.11.2019 21:00;324;113;211
05.11.2019 22:00;260;85;175
05.11.2019 23:00;150;60;90
06.11.2019 0:00;62;21;41
06.11.2019 1:00;32;15;17
06.11.2019 2:00;6;2;4
06.11.2019 3:00;0;0;0
06.11.2019 4:00;12;6;6
06.11.2019 5:00;52;35;17
06.11.2019 6:00;179;117;62
06.11.2019 7:00;1237;788;449
06.11.2019 8:00;905;542;363
06.11.2019 9:00;793;522;271
06.11.2019 10:00;381;211;170
06.11.2019 11:00;673;324;349
06.11.2019 12:00;674;299;375
06.11.2019 13:00;986;489;497
06.11.2019 14:00;705;354;351
06.11.2019 15:00;959;412;547
06.11.2019 16:00;930;462;468
06.11.2019 17:00;1178;538;640
06.11.2019 18:00;942;440;502
06.11.2019 19:00;685;307;378
06.11.2019 20:00;460;204;256
06.11.2019 21:00;378;166;212
06.11.2019 22:00;275;113;162
06.11.2019 23:00;180;68;112
07.11.2019 0:00;82;19;63
07.11.2019 1:00;56;10;46
07.11.2019 2:00;24;6;18
07.11.2019 3:00;20;9;11
07.11.2019 4:00;17;10;7
07.11.2019 5:00;67;53;14
07.11.2019 6:00;189;131;58
07.11.2019 7:00;1245;784;461
07.11.2019 8:00;955;570;385
07.11.2019 9:00;890;567;323
07.11.2019 10:00;495;272;223
07.11.2019 11:00;666;348;318
07.11.2019 12:00;739;313;426
07.11.2019 13:00;1137;483;654
07.11.2019 14:00;657;295;362
07.11.2019 15:00;1094;524;570
07.11.2019 16:00;996;459;537
07.11.2019 17:00;1136;506;630
07.11.2019 18:00;921;453;468
07.11.2019 19:00;642;294;348
07.11.2019 20:00;440;182;258
07.11.2019 21:00;317;129;188
07.11.2019 22:00;268;109;159
07.11.2019 23:00;149;53;96
08.11.2019 0:00;86;30;56
08.11.2019 1:00;33;10;23
08.11.2019 2:00;18;9;9
08.11.2019 3:00;12;7;5
08.11.2019 4:00;9;7;2
08.11.2019 5:00;45;30;15
08.11.2019 6:00;167;103;64
08.11.2019 7:00;1071;680;391
08.11.2019 8:00;744;460;284
08.11.2019 9:00;634;386;248
08.11.2019 10:00;400;230;170
08.11.2019 11:00;528;263;265
08.11.2019 12:00;620;263;357
08.11.2019 13:00;808;266;542
08.11.2019 14:00;481;225;256
08.11.2019 15:00;575;233;342
08.11.2019 16:00;578;282;296
08.11.2019 17:00;627;316;311
08.11.2019 18:00;548;257;291
08.11.2019 19:00;431;214;217
08.11.2019 20:00;319;167;152
08.11.2019 21:00;193;103;90
08.11.2019 22:00;202;86;116
08.11.2019 23:00;183;69;114
09.11.2019 0:00;157;70;87
09.11.2019 1:00;89;29;60
09.11.2019 2:00;56;9;47
09.11.2019 3:00;44;11;33
09.11.2019 4:00;20;11;9
09.11.2019 5:00;25;16;9
09.11.2019 6:00;42;28;14
09.11.2019 7:00;88;50;38
09.11.2019 8:00;241;146;95
09.11.2019 9:00;430;303;127
09.11.2019 10:00;523;319;204
09.11.2019 11:00;650;368;282
09.11.2019 12:00;626;329;297
09.11.2019 13:00;663;327;336
09.11.2019 14:00;649;317;332
09.11.2019 15:00;665;317;348
09.11.2019 16:00;610;271;339
09.11.2019 17:00;708;344;364
09.11.2019 18:00;537;247;290
09.11.2019 19:00;461;279;182
09.11.2019 20:00;357;168;189
09.11.2019 21:00;294;141;153
09.11.2019 22:00;245;118;127
09.11.2019 23:00;166;61;105
10.11.2019 0:00;184;68;116
10.11.2019 1:00;161;51;110
10.11.2019 2:00;101;28;73
10.11.2019 3:00;84;23;61
10.11.2019 4:00;43;11;32
10.11.2019 5:00;20;11;9
10.11.2019 6:00;42;23;19
10.11.2019 7:00;51;32;19
10.11.2019 8:00;93;49;44
10.11.2019 9:00;179;108;71
10.11.2019 10:00;233;123;110
10.11.2019 11:00;273;138;135
10.11.2019 12:00;278;134;144
10.11.2019 13:00;295;146;149
10.11.2019 14:00;473;212;261
10.11.2019 15:00;435;229;206
10.11.2019 16:00;427;214;213
10.11.2019 17:00;400;206;194
10.11.2019 18:00;303;140;163
10.11.2019 19:00;258;141;117
10.11.2019 20:00;170;69;101
10.11.2019 21:00;137;60;77
10.11.2019 22:00;139;45;94
10.11.2019 23:00;63;21;42
11.11.2019 0:00;34;12;22
11.11.2019 1:00;12;7;5
11.11.2019 2:00;9;5;4
11.11.2019 3:00;1;1;0
11.11.2019 4:00;10;7;3
11.11.2019 5:00;62;51;11
11.11.2019 6:00;179;129;50
11.11.2019 7:00;1246;811;435
11.11.2019 8:00;832;467;365
11.11.2019 9:00;818;511;307
11.11.2019 10:00;431;233;198
11.11.2019 11:00;636;301;335
11.11.2019 12:00;673;322;351
11.11.2019 13:00;1007;475;532
11.11.2019 14:00;749;363;386
11.11.2019 15:00;1073;478;595
11.11.2019 16:00;1001;419;582
11.11.2019 17:00;1069;494;575
11.11.2019 18:00;861;402;459
11.11.2019 19:00;732;350;382
11.11.2019 20:00;428;206;222
11.11.2019 21:00;301;119;182
11.11.2019 22:00;233;99;134
11.11.2019 23:00;114;35;79
12.11.2019 0:00;50;21;29
12.11.2019 1:00;27;8;19
12.11.2019 2:00;10;5;5
12.11.2019 3:00;3;1;2
12.11.2019 4:00;10;9;1
12.11.2019 5:00;71;52;19
12.11.2019 6:00;195;133;62
12.11.2019 7:00;1270;825;445
12.11.2019 8:00;940;567;373
12.11.2019 9:00;844;557;287
12.11.2019 10:00;531;309;222
12.11.2019 11:00;716;339;377
12.11.2019 12:00;761;275;486
12.11.2019 13:00;1021;477;544
12.11.2019 14:00;738;353;385
12.11.2019 15:00;1143;528;615
12.11.2019 16:00;934;433;501
12.11.2019 17:00;1231;554;677
12.11.2019 18:00;938;432;506
12.11.2019 19:00;789;354;435
12.11.2019 20:00;423;189;234
12.11.2019 21:00;335;127;208
12.11.2019 22:00;300;106;194
12.11.2019 23:00;137;63;74
13.11.2019 0:00;42;18;24
13.11.2019 1:00;32;11;21
13.11.2019 2:00;12;4;8
13.11.2019 3:00;4;0;4
13.11.2019 4:00;10;9;1
13.11.2019 5:00;69;50;19
13.11.2019 6:00;194;131;63
13.11.2019 7:00;1316;878;438
13.11.2019 8:00;937;596;341
13.11.2019 9:00;846;555;291
13.11.2019 10:00;535;311;224
13.11.2019 11:00;693;337;356
13.11.2019 12:00;771;344;427
13.11.2019 13:00;1038;482;556
13.11.2019 14:00;749;354;395
13.11.2019 15:00;1031;436;595
13.11.2019 16:00;942;450;492
13.11.2019 17:00;1116;494;622
13.11.2019 18:00;921;408;513
13.11.2019 19:00;689;308;381
13.11.2019 20:00;517;253;264
13.11.2019 21:00;340;144;196
13.11.2019 22:00;273;108;165
13.11.2019 23:00;180;70;110
14.11.2019 0:00;76;32;44
14.11.2019 1:00;39;15;24
14.11.2019 2:00;34;14;20
14.11.2019 3:00;21;13;8
14.11.2019 4:00;39;28;11
14.11.2019 5:00;69;56;13
14.11.2019 6:00;183;119;64
14.11.2019 7:00;1170;764;406
14.11.2019 8:00;952;589;363
14.11.2019 9:00;787;495;292
14.11.2019 10:00;508;315;193
14.11.2019 11:00;696;331;365
14.11.2019 12:00;705;308;397
14.11.2019 13:00;1026;454;572
14.11.2019 14:00;701;332;369
14.11.2019 15:00;1151;563;588
14.11.2019 16:00;948;450;498
14.11.2019 17:00;1189;513;676
14.11.2019 18:00;892;403;489
14.11.2019 19:00;651;338;313
14.11.2019 20:00;424;172;252
14.11.2019 21:00;348;126;222
14.11.2019 22:00;259;98;161
14.11.2019 23:00;169;65;104
15.11.2019 0:00;102;39;63
15.11.2019 1:00;52;9;43
15.11.2019 2:00;21;15;6
15.11.2019 3:00;18;6;12
15.11.2019 4:00;15;11;4
15.11.2019 5:00;48;39;9
15.11.2019 6:00;181;109;72
15.11.2019 7:00;1071;703;368
15.11.2019 8:00;778;503;275
15.11.2019 9:00;622;376;246
15.11.2019 10:00;431;259;172
15.11.2019 11:00;591;356;235
15.11.2019 12:00;736;305;431
15.11.2019 13:00;1047;433;614
15.11.2019 14:00;741;359;382
15.11.2019 15:00;833;427;406
15.11.2019 16:00;850;414;436
15.11.2019 17:00;810;373;437
15.11.2019 18:00;638;321;317
15.11.2019 19:00;497;247;250
15.11.2019 20:00;361;178;183
15.11.2019 21:00;238;98;140
15.11.2019 22:00;264;110;154
15.11.2019 23:00;158;50;108
16.11.2019 0:00;138;47;91
16.11.2019 1:00;87;29;58
16.11.2019 2:00;77;34;43
16.11.2019 3:00;33;9;24
16.11.2019 4:00;30;15;15
16.11.2019 5:00;36;25;11
16.11.2019 6:00;33;27;6
16.11.2019 7:00;91;56;35
16.11.2019 8:00;225;125;100
16.11.2019 9:00;385;258;127
16.11.2019 10:00;473;299;174
16.11.2019 11:00;629;374;255
16.11.2019 12:00;742;401;341
16.11.2019 13:00;700;343;357
16.11.2019 14:00;608;308;300
16.11.2019 15:00;576;283;293
16.11.2019 16:00;565;243;322
16.11.2019 17:00;543;282;261
16.11.2019 18:00;472;219;253
16.11.2019 19:00;355;190;165
16.11.2019 20:00;324;173;151
16.11.2019 21:00;200;91;109
16.11.2019 22:00;182;75;107
16.11.2019 23:00;217;89;128
17.11.2019 0:00;182;70;112
17.11.2019 1:00;142;52;90
17.11.2019 2:00;71;26;45
17.11.2019 3:00;50;29;21
17.11.2019 4:00;24;9;15
17.11.2019 5:00;26;9;17
17.11.2019 6:00;26;19;7
17.11.2019 7:00;36;21;15
17.11.2019 8:00;64;34;30
17.11.2019 9:00;127;78;49
17.11.2019 10:00;122;71;51
17.11.2019 11:00;162;89;73
17.11.2019 12:00;222;125;97
17.11.2019 13:00;154;68;86
17.11.2019 14:00;250;108;142
17.11.2019 15:00;248;127;121
17.11.2019 16:00;307;136;171
17.11.2019 17:00;283;134;149
17.11.2019 18:00;260;142;118
17.11.2019 19:00;200;101;99
17.11.2019 20:00;150;69;81
17.11.2019 21:00;112;49;63
17.11.2019 22:00;83;38;45
17.11.2019 23:00;43;11;32
18.11.2019 0:00;35;16;19
18.11.2019 1:00;10;4;6
18.11.2019 2:00;2;1;1
18.11.2019 3:00;2;2;0
18.11.2019 4:00;11;6;5
18.11.2019 5:00;61;48;13
18.11.2019 6:00;193;137;56
18.11.2019 7:00;1165;766;399
18.11.2019 8:00;877;516;361
18.11.2019 9:00;837;545;292
18.11.2019 10:00;488;270;218
18.11.2019 11:00;621;308;313
18.11.2019 12:00;678;300;378
18.11.2019 13:00;998;428;570
18.11.2019 14:00;610;298;312
18.11.2019 15:00;1019;474;545
18.11.2019 16:00;968;453;515
18.11.2019 17:00;1127;541;586
18.11.2019 18:00;867;405;462
18.11.2019 19:00;707;311;396
18.11.2019 20:00;427;211;216
18.11.2019 21:00;336;139;197
18.11.2019 22:00;239;94;145
18.11.2019 23:00;147;46;101
19.11.2019 0:00;49;24;25
19.11.2019 1:00;12;7;5
19.11.2019 2:00;2;1;1
19.11.2019 3:00;3;1;2
19.11.2019 4:00;15;13;2
19.11.2019 5:00;55;44;11
19.11.2019 6:00;186;120;66
19.11.2019 7:00;1281;848;433
19.11.2019 8:00;938;576;362
19.11.2019 9:00;830;540;290
19.11.2019 10:00;511;309;202
19.11.2019 11:00;665;337;328
19.11.2019 12:00;753;298;455
19.11.2019 13:00;995;463;532
19.11.2019 14:00;671;315;356
19.11.2019 15:00;1111;492;619
19.11.2019 16:00;967;458;509
19.11.2019 17:00;1164;516;648
19.11.2019 18:00;882;387;495
19.11.2019 19:00;751;346;405
19.11.2019 20:00;427;206;221
19.11.2019 21:00;310;111;199
19.11.2019 22:00;304;92;212
19.11.2019 23:00;135;49;86
20.11.2019 0:00;64;15;49
20.11.2019 1:00;61;24;37
20.11.2019 2:00;14;3;11
20.11.2019 3:00;6;4;2
20.11.2019 4:00;10;7;3
20.11.2019 5:00;60;42;18
20.11.2019 6:00;205;140;65
20.11.2019 7:00;1179;765;414
20.11.2019 8:00;930;554;376
20.11.2019 9:00;885;584;301
20.11.2019 10:00;456;280;176
20.11.2019 11:00;657;303;354
20.11.2019 12:00;740;334;406
20.11.2019 13:00;1053;541;512
20.11.2019 14:00;674;328;346
20.11.2019 15:00;1008;437;571
20.11.2019 16:00;891;419;472
20.11.2019 17:00;1081;503;578
20.11.2019 18:00;967;444;523
20.11.2019 19:00;702;336;366
20.11.2019 20:00;513;246;267
20.11.2019 21:00;343;151;192
20.11.2019 22:00;234;97;137
20.11.2019 23:00;212;65;147
21.11.2019 0:00;103;34;69
21.11.2019 1:00;46;9;37
21.11.2019 2:00;18;8;10
21.11.2019 3:00;11;5;6
21.11.2019 4:00;11;4;7
21.11.2019 5:00;61;47;14
21.11.2019 6:00;189;129;60
21.11.2019 7:00;1195;766;429
21.11.2019 8:00;939;574;365
21.11.2019 9:00;761;499;262
21.11.2019 10:00;500;310;190
21.11.2019 11:00;665;333;332
21.11.2019 12:00;713;310;403
21.11.2019 13:00;1032;437;595
21.11.2019 14:00;678;333;345
21.11.2019 15:00;992;489;503
21.11.2019 16:00;927;441;486
21.11.2019 17:00;1128;534;594
21.11.2019 18:00;894;421;473
21.11.2019 19:00;707;338;369
21.11.2019 20:00;468;241;227
21.11.2019 21:00;377;167;210
21.11.2019 22:00;328;168;160
21.11.2019 23:00;190;67;123
22.11.2019 0:00;101;27;74
22.11.2019 1:00;78;6;72
22.11.2019 2:00;59;3;56
22.11.2019 3:00;38;3;35
22.11.2019 4:00;18;10;8
22.11.2019 5:00;46;32;14
22.11.2019 6:00;174;110;64
22.11.2019 7:00;1046;681;365
22.11.2019 8:00;859;556;303
22.11.2019 9:00;813;521;292
22.11.2019 10:00;562;331;231
22.11.2019 11:00;698;360;338
22.11.2019 12:00;809;356;453
22.11.2019 13:00;1090;435;655
22.11.2019 14:00;766;377;389
22.11.2019 15:00;863;413;450
22.11.2019 16:00;829;382;447
22.11.2019 17:00;845;389;456
22.11.2019 18:00;754;372;382
22.11.2019 19:00;554;285;269
22.11.2019 20:00;397;197;200
22.11.2019 21:00;280;127;153
22.11.2019 22:00;301;130;171
22.11.2019 23:00;195;76;119
23.11.2019 0:00;157;64;93
23.11.2019 1:00;118;42;76
23.11.2019 2:00;81;26;55
23.11.2019 3:00;46;21;25
23.11.2019 4:00;31;19;12
23.11.2019 5:00;24;13;11
23.11.2019 6:00;44;34;10
23.11.2019 7:00;86;55;31
23.11.2019 8:00;267;155;112
23.11.2019 9:00;413;255;158
23.11.2019 10:00;526;320;206
23.11.2019 11:00;609;347;262
23.11.2019 12:00;644;362;282
23.11.2019 13:00;677;362;315
23.11.2019 14:00;651;330;321
23.11.2019 15:00;552;245;307
23.11.2019 16:00;546;228;318
23.11.2019 17:00;566;231;335
23.11.2019 18:00;471;233;238
23.11.2019 19:00;486;311;175
23.11.2019 20:00;299;150;149
23.11.2019 21:00;293;105;188
23.11.2019 22:00;266;105;161
23.11.2019 23:00;210;67;143
24.11.2019 0:00;174;52;122
24.11.2019 1:00;155;58;97
24.11.2019 2:00;98;40;58
24.11.2019 3:00;54;23;31
24.11.2019 4:00;25;16;9
24.11.2019 5:00;36;23;13
24.11.2019 6:00;37;29;8
24.11.2019 7:00;40;24;16
24.11.2019 8:00;79;40;39
24.11.2019 9:00;223;133;90
24.11.2019 10:00;255;150;105
24.11.2019 11:00;333;180;153
24.11.2019 12:00;422;234;188
24.11.2019 13:00;442;232;210
24.11.2019 14:00;468;270;198
24.11.2019 15:00;444;242;202
24.11.2019 16:00;546;271;275
24.11.2019 17:00;418;180;238
24.11.2019 18:00;350;139;211
24.11.2019 19:00;268;121;147
24.11.2019 20:00;179;86;93
24.11.2019 21:00;153;65;88
24.11.2019 22:00;148;74;74
24.11.2019 23:00;70;36;34
25.11.2019 0:00;40;17;23
25.11.2019 1:00;16;4;12
25.11.2019 2:00;7;2;5
25.11.2019 3:00;6;1;5
25.11.2019 4:00;10;9;1
25.11.2019 5:00;57;43;14
25.11.2019 6:00;187;124;63
25.11.2019 7:00;1184;792;392
25.11.2019 8:00;811;473;338
25.11.2019 9:00;849;543;306
25.11.2019 10:00;464;259;205
25.11.2019 11:00;612;294;318
25.11.2019 12:00;674;317;357
25.11.2019 13:00;957;442;515
25.11.2019 14:00;689;357;332
25.11.2019 15:00;1069;502;567
25.11.2019 16:00;874;402;472
25.11.2019 17:00;1083;533;550
25.11.2019 18:00;918;419;499
25.11.2019 19:00;710;280;430
25.11.2019 20:00;440;185;255
25.11.2019 21:00;311;145;166
25.11.2019 22:00;225;101;124
25.11.2019 23:00;121;44;77
26.11.2019 0:00;63;21;42
26.11.2019 1:00;28;6;22
26.11.2019 2:00;8;3;5
26.11.2019 3:00;5;2;3
26.11.2019 4:00;9;7;2
26.11.2019 5:00;51;38;13
26.11.2019 6:00;203;146;57
26.11.2019 7:00;1246;839;407
26.11.2019 8:00;943;562;381
26.11.2019 9:00;879;597;282
26.11.2019 10:00;493;308;185
26.11.2019 11:00;872;522;350
26.11.2019 12:00;943;501;442
26.11.2019 13:00;1028;450;578
26.11.2019 14:00;979;341;638
26.11.2019 15:00;1034;434;600
26.11.2019 16:00;956;435;521
26.11.2019 17:00;1069;502;567
26.11.2019 18:00;950;389;561
26.11.2019 19:00;768;326;442
26.11.2019 20:00;479;233;246
26.11.2019 21:00;288;115;173
26.11.2019 22:00;265;108;157
26.11.2019 23:00;170;65;105
27.11.2019 0:00;73;23;50
27.11.2019 1:00;36;13;23
27.11.2019 2:00;9;4;5
27.11.2019 3:00;1;0;1
27.11.2019 4:00;6;3;3
27.11.2019 5:00;67;47;20
27.11.2019 6:00;183;123;60
27.11.2019 7:00;1243;828;415
27.11.2019 8:00;798;492;306
27.11.2019 9:00;605;385;220
27.11.2019 10:00;334;199;135
27.11.2019 11:00;606;303;303
27.11.2019 12:00;678;311;367
27.11.2019 13:00;993;524;469
27.11.2019 14:00;663;344;319
27.11.2019 15:00;1000;448;552
27.11.2019 16:00;915;418;497
27.11.2019 17:00;1106;463;643
27.11.2019 18:00;888;386;502
27.11.2019 19:00;665;288;377
27.11.2019 20:00;474;189;285
27.11.2019 21:00;343;138;205
27.11.2019 22:00;250;108;142
27.11.2019 23:00;184;65;119
28.11.2019 0:00;85;29;56
28.11.2019 1:00;39;13;26
28.11.2019 2:00;18;8;10
28.11.2019 3:00;15;10;5
28.11.2019 4:00;12;7;5
28.11.2019 5:00;39;29;10
28.11.2019 6:00;191;134;57
28.11.2019 7:00;1158;730;428
28.11.2019 8:00;891;538;353
28.11.2019 9:00;778;506;272
28.11.2019 10:00;487;283;204
28.11.2019 11:00;684;329;355
28.11.2019 12:00;651;273;378
28.11.2019 13:00;921;384;537
28.11.2019 14:00;682;350;332
28.11.2019 15:00;981;481;500
28.11.2019 16:00;885;412;473
28.11.2019 17:00;1135;533;602
28.11.2019 18:00;933;489;444
28.11.2019 19:00;672;315;357
28.11.2019 20:00;490;228;262
28.11.2019 21:00;381;137;244
28.11.2019 22:00;292;114;178
28.11.2019 23:00;176;81;95
29.11.2019 0:00;83;25;58
29.11.2019 1:00;77;16;61
29.11.2019 2:00;70;5;65
29.11.2019 3:00;11;3;8
29.11.2019 4:00;19;4;15
29.11.2019 5:00;59;34;25
29.11.2019 6:00;149;91;58
29.11.2019 7:00;1030;673;357
29.11.2019 8:00;689;446;243
29.11.2019 9:00;660;391;269
29.11.2019 10:00;416;238;178
29.11.2019 11:00;569;306;263
29.11.2019 12:00;720;346;374
29.11.2019 13:00;934;363;571
29.11.2019 14:00;717;343;374
29.11.2019 15:00;739;351;388
29.11.2019 16:00;724;384;340
29.11.2019 17:00;743;352;391
29.11.2019 18:00;691;348;343
29.11.2019 19:00;515;223;292
29.11.2019 20:00;296;134;162
29.11.2019 21:00;238;106;132
29.11.2019 22:00;238;70;168
29.11.2019 23:00;179;50;129
30.11.2019 0:00;154;39;115
30.11.2019 1:00;107;30;77
30.11.2019 2:00;70;28;42
30.11.2019 3:00;39;10;29
30.11.2019 4:00;17;7;10
30.11.2019 5:00;24;17;7
30.11.2019 6:00;45;30;15
30.11.2019 7:00;92;52;40
30.11.2019 8:00;246;138;108
30.11.2019 9:00;386;247;139
30.11.2019 10:00;535;336;199
30.11.2019 11:00;592;307;285
30.11.2019 12:00;665;353;312
30.11.2019 13:00;680;378;302
30.11.2019 14:00;681;333;348
30.11.2019 15:00;697;340;357
30.11.2019 16:00;696;331;365
30.11.2019 17:00;582;282;300
30.11.2019 18:00;492;251;241
30.11.2019 19:00;471;238;233
30.11.2019 20:00;314;152;162
30.11.2019 21:00;289;124;165
30.11.2019 22:00;232;73;159
30.11.2019 23:00;176;61;115
01.12.2019 0:00;153;49;104
01.12.2019 1:00;133;42;91
01.12.2019 2:00;87;22;65
01.12.2019 3:00;50;13;37
01.12.2019 4:00;31;18;13
01.12.2019 5:00;27;14;13
01.12.2019 6:00;30;20;10
01.12.2019 7:00;34;20;14
01.12.2019 8:00;89;46;43
01.12.2019 9:00;169;92;77
01.12.2019 10:00;191;121;70
01.12.2019 11:00;260;143;117
01.12.2019 12:00;278;148;130
01.12.2019 13:00;340;177;163
01.12.2019 14:00;369;195;174
01.12.2019 15:00;395;230;165
01.12.2019 16:00;388;159;229
01.12.2019 17:00;458;226;232
01.12.2019 18:00;346;187;159
01.12.2019 19:00;291;150;141
01.12.2019 20:00;227;79;148
01.12.2019 21:00;149;38;111
01.12.2019 22:00;114;41;73
01.12.2019 23:00;70;29;41
02.12.2019 0:00;31;10;21
02.12.2019 1:00;14;8;6
02.12.2019 2:00;6;1;5
02.12.2019 3:00;3;2;1
02.12.2019 4:00;7;6;1
02.12.2019 5:00;44;30;14
02.12.2019 6:00;198;128;70
02.12.2019 7:00;1070;674;396
02.12.2019 8:00;783;476;307
02.12.2019 9:00;777;499;278
02.12.2019 10:00;477;290;187
02.12.2019 11:00;620;319;301
02.12.2019 12:00;672;299;373
02.12.2019 13:00;931;412;519
02.12.2019 14:00;694;358;336
02.12.2019 15:00;1014;489;525
02.12.2019 16:00;909;412;497
02.12.2019 17:00;1039;500;539
02.12.2019 18:00;884;415;469
02.12.2019 19:00;684;285;399
02.12.2019 20:00;474;202;272
02.12.2019 21:00;329;108;221
02.12.2019 22:00;254;105;149
02.12.2019 23:00;112;36;76
03.12.2019 0:00;57;19;38
03.12.2019 1:00;16;6;10
03.12.2019 2:00;7;4;3
03.12.2019 3:00;8;4;4
03.12.2019 4:00;11;11;0
03.12.2019 5:00;50;38;12
03.12.2019 6:00;198;124;74
03.12.2019 7:00;1111;700;411
03.12.2019 8:00;824;489;335
03.12.2019 9:00;874;577;297
03.12.2019 10:00;538;301;237
03.12.2019 11:00;662;335;327
03.12.2019 12:00;687;283;404
03.12.2019 13:00;980;449;531
03.12.2019 14:00;720;354;366
03.12.2019 15:00;1089;488;601
03.12.2019 16:00;989;519;470
03.12.2019 17:00;1129;541;588
03.12.2019 18:00;886;388;498
03.12.2019 19:00;787;322;465
03.12.2019 20:00;428;180;248
03.12.2019 21:00;358;121;237
03.12.2019 22:00;312;89;223
03.12.2019 23:00;123;45;78
04.12.2019 0:00;39;10;29
04.12.2019 1:00;47;30;17
04.12.2019 2:00;13;6;7
04.12.2019 3:00;4;1;3
04.12.2019 4:00;4;3;1
04.12.2019 5:00;68;51;17
04.12.2019 6:00;192;124;68
04.12.2019 7:00;1045;688;357
04.12.2019 8:00;864;520;344
04.12.2019 9:00;774;492;282
04.12.2019 10:00;505;322;183
04.12.2019 11:00;671;313;358
04.12.2019 12:00;635;278;357
04.12.2019 13:00;978;453;525
04.12.2019 14:00;621;296;325
04.12.2019 15:00;889;400;489
04.12.2019 16:00;881;454;427
04.12.2019 17:00;1059;531;528
04.12.2019 18:00;933;470;463
04.12.2019 19:00;688;293;395
04.12.2019 20:00;546;191;355
04.12.2019 21:00;375;118;257
04.12.2019 22:00;310;105;205
04.12.2019 23:00;168;65;103
05.12.2019 0:00;100;47;53
05.12.2019 1:00;43;11;32
05.12.2019 2:00;33;19;14
05.12.2019 3:00;11;7;4
05.12.2019 4:00;12;6;6
05.12.2019 5:00;51;41;10
05.12.2019 6:00;185;127;58
05.12.2019 7:00;1079;675;404
05.12.2019 8:00;873;556;317
05.12.2019 9:00;776;489;287
05.12.2019 10:00;486;289;197
05.12.2019 11:00;603;303;300
05.12.2019 12:00;613;271;342
05.12.2019 13:00;871;384;487
05.12.2019 14:00;671;309;362
05.12.2019 15:00;996;464;532
05.12.2019 16:00;919;467;452
05.12.2019 17:00;1114;564;550
05.12.2019 18:00;992;536;456
05.12.2019 19:00;666;320;346
05.12.2019 20:00;552;202;350
05.12.2019 21:00;403;149;254
05.12.2019 22:00;313;111;202
05.12.2019 23:00;198;56;142
06.12.2019 0:00;110;29;81
06.12.2019 1:00;60;11;49
06.12.2019 2:00;30;5;25
06.12.2019 3:00;14;4;10
06.12.2019 4:00;10;8;2
06.12.2019 5:00;55;40;15
06.12.2019 6:00;174;112;62
06.12.2019 7:00;983;630;353
06.12.2019 8:00;836;559;277
06.12.2019 9:00;706;452;254
06.12.2019 10:00;532;328;204
06.12.2019 11:00;657;338;319
06.12.2019 12:00;856;401;455
06.12.2019 13:00;1061;459;602
06.12.2019 14:00;866;466;400
06.12.2019 15:00;924;473;451
06.12.2019 16:00;891;370;521
06.12.2019 17:00;859;383;476
06.12.2019 18:00;750;418;332
06.12.2019 19:00;553;273;280
06.12.2019 20:00;390;166;224
06.12.2019 21:00;325;94;231
06.12.2019 22:00;279;80;199
06.12.2019 23:00;261;92;169
07.12.2019 0:00;176;47;129
07.12.2019 1:00;118;37;81
07.12.2019 2:00;73;22;51
07.12.2019 3:00;39;22;17
07.12.2019 4:00;19;10;9
07.12.2019 5:00;34;18;16
07.12.2019 6:00;52;31;21
07.12.2019 7:00;78;56;22
07.12.2019 8:00;210;137;73
07.12.2019 9:00;359;239;120
07.12.2019 10:00;501;316;185
07.12.2019 11:00;502;275;227
07.12.2019 12:00;532;305;227
07.12.2019 13:00;572;322;250
07.12.2019 14:00;576;291;285
07.12.2019 15:00;615;319;296
07.12.2019 16:00;565;286;279
07.12.2019 17:00;575;269;306
07.12.2019 18:00;555;248;307
07.12.2019 19:00;521;314;207
07.12.2019 20:00;336;179;157
07.12.2019 21:00;306;120;186
07.12.2019 22:00;282;65;217
07.12.2019 23:00;226;68;158
08.12.2019 0:00;173;58;115
08.12.2019 1:00;164;50;114
08.12.2019 2:00;78;31;47
08.12.2019 3:00;40;10;30
08.12.2019 4:00;27;14;13
08.12.2019 5:00;19;7;12
08.12.2019 6:00;38;28;10
08.12.2019 7:00;49;24;25
08.12.2019 8:00;106;48;58
08.12.2019 9:00;161;89;72
08.12.2019 10:00;230;139;91
08.12.2019 11:00;313;167;146
08.12.2019 12:00;352;196;156
08.12.2019 13:00;386;204;182
08.12.2019 14:00;437;227;210
08.12.2019 15:00;453;255;198
08.12.2019 16:00;407;212;195
08.12.2019 17:00;432;224;208
08.12.2019 18:00;370;150;220
08.12.2019 19:00;268;112;156
08.12.2019 20:00;229;67;162
08.12.2019 21:00;163;58;105
08.12.2019 22:00;114;45;69
08.12.2019 23:00;64;23;41
09.12.2019 0:00;25;12;13
09.12.2019 1:00;14;5;9
09.12.2019 2:00;5;1;4
09.12.2019 3:00;5;2;3
09.12.2019 4:00;7;4;3
09.12.2019 5:00;48;30;18
09.12.2019 6:00;177;116;61
09.12.2019 7:00;1060;650;410
09.12.2019 8:00;791;482;309
09.12.2019 9:00;755;487;268
09.12.2019 10:00;464;269;195
09.12.2019 11:00;650;302;348
09.12.2019 12:00;689;313;376
09.12.2019 13:00;802;333;469
09.12.2019 14:00;532;253;279
09.12.2019 15:00;812;392;420
09.12.2019 16:00;737;346;391
09.12.2019 17:00;886;433;453
09.12.2019 18:00;737;357;380
09.12.2019 19:00;552;215;337
09.12.2019 20:00;391;133;258
09.12.2019 21:00;236;80;156
09.12.2019 22:00;211;76;135
09.12.2019 23:00;128;62;66
10.12.2019 0:00;39;13;26
10.12.2019 1:00;27;15;12
10.12.2019 2:00;11;3;8
10.12.2019 3:00;5;3;2
10.12.2019 4:00;7;6;1
10.12.2019 5:00;47;36;11
10.12.2019 6:00;203;147;56
10.12.2019 7:00;1121;723;398
10.12.2019 8:00;866;539;327
10.12.2019 9:00;824;525;299
10.12.2019 10:00;506;303;203
10.12.2019 11:00;700;379;321
10.12.2019 12:00;724;302;422
10.12.2019 13:00;1007;433;574
10.12.2019 14:00;749;367;382
10.12.2019 15:00;1043;457;586
10.12.2019 16:00;989;493;496
10.12.2019 17:00;1119;541;578
10.12.2019 18:00;931;464;467
10.12.2019 19:00;775;333;442
10.12.2019 20:00;473;167;306
10.12.2019 21:00;341;108;233
10.12.2019 22:00;299;72;227
10.12.2019 23:00;141;47;94
11.12.2019 0:00;65;23;42
11.12.2019 1:00;38;18;20
11.12.2019 2:00;11;3;8
11.12.2019 3:00;4;3;1
11.12.2019 4:00;5;4;1
11.12.2019 5:00;60;44;16
11.12.2019 6:00;184;128;56
11.12.2019 7:00;1133;738;395
11.12.2019 8:00;794;464;330
11.12.2019 9:00;745;481;264
11.12.2019 10:00;424;265;159
11.12.2019 11:00;666;321;345
11.12.2019 12:00;734;318;416
11.12.2019 13:00;955;451;504
11.12.2019 14:00;697;344;353
11.12.2019 15:00;904;392;512
11.12.2019 16:00;870;435;435
11.12.2019 17:00;1109;511;598
11.12.2019 18:00;831;355;476
11.12.2019 19:00;680;295;385
11.12.2019 20:00;456;178;278
11.12.2019 21:00;346;141;205
11.12.2019 22:00;264;116;148
11.12.2019 23:00;179;59;120
12.12.2019 0:00;90;36;54
12.12.2019 1:00;60;20;40
12.12.2019 2:00;19;10;9
12.12.2019 3:00;5;3;2
12.12.2019 4:00;10;5;5
12.12.2019 5:00;52;39;13
12.12.2019 6:00;160;101;59
12.12.2019 7:00;1036;672;364
12.12.2019 8:00;707;454;253
12.12.2019 9:00;690;442;248
12.12.2019 10:00;405;254;151
12.12.2019 11:00;578;290;288
12.12.2019 12:00;592;288;304
12.12.2019 13:00;885;378;507
12.12.2019 14:00;672;319;353
12.12.2019 15:00;1016;496;520
12.12.2019 16:00;898;435;463
12.12.2019 17:00;1041;486;555
12.12.2019 18:00;881;396;485
12.12.2019 19:00;690;310;380
12.12.2019 20:00;483;200;283
12.12.2019 21:00;328;131;197
12.12.2019 22:00;340;121;219
12.12.2019 23:00;162;56;106
13.12.2019 0:00;108;39;69
13.12.2019 1:00;54;12;42
13.12.2019 2:00;31;12;19
13.12.2019 3:00;12;4;8
13.12.2019 4:00;21;13;8
13.12.2019 5:00;51;35;16
13.12.2019 6:00;194;135;59
13.12.2019 7:00;894;580;314
13.12.2019 8:00;678;425;253
13.12.2019 9:00;481;306;175
13.12.2019 10:00;344;199;145
13.12.2019 11:00;418;210;208
13.12.2019 12:00;622;293;329
13.12.2019 13:00;769;308;461
13.12.2019 14:00;588;288;300
13.12.2019 15:00;541;264;277
13.12.2019 16:00;582;285;297
13.12.2019 17:00;598;313;285
13.12.2019 18:00;531;263;268
13.12.2019 19:00;453;211;242
13.12.2019 20:00;258;127;131
13.12.2019 21:00;232;95;137
13.12.2019 22:00;220;75;145
13.12.2019 23:00;177;59;118
14.12.2019 0:00;148;44;104
14.12.2019 1:00;90;24;66
14.12.2019 2:00;93;24;69
14.12.2019 3:00;52;19;33
14.12.2019 4:00;25;7;18
14.12.2019 5:00;35;24;11
14.12.2019 6:00;50;33;17
14.12.2019 7:00;66;46;20
14.12.2019 8:00;159;109;50
14.12.2019 9:00;276;183;93
14.12.2019 10:00;452;289;163
14.12.2019 11:00;490;287;203
14.12.2019 12:00;600;321;279
14.12.2019 13:00;512;256;256
14.12.2019 14:00;534;291;243
14.12.2019 15:00;619;321;298
14.12.2019 16:00;550;283;267
14.12.2019 17:00;567;270;297
14.12.2019 18:00;566;275;291
14.12.2019 19:00;388;189;199
14.12.2019 20:00;301;170;131
14.12.2019 21:00;271;112;159
14.12.2019 22:00;221;71;150
14.12.2019 23:00;166;47;119
15.12.2019 0:00;174;52;122
15.12.2019 1:00;129;37;92
15.12.2019 2:00;94;26;68
15.12.2019 3:00;45;15;30
15.12.2019 4:00;22;11;11
15.12.2019 5:00;22;12;10
15.12.2019 6:00;30;17;13
15.12.2019 7:00;45;30;15
15.12.2019 8:00;82;39;43
15.12.2019 9:00;212;111;101
15.12.2019 10:00;212;144;68
15.12.2019 11:00;240;122;118
15.12.2019 12:00;370;199;171
15.12.2019 13:00;343;200;143
15.12.2019 14:00;453;232;221
15.12.2019 15:00;465;268;197
15.12.2019 16:00;440;235;205
15.12.2019 17:00;370;173;197
15.12.2019 18:00;390;178;212
15.12.2019 19:00;313;136;177
15.12.2019 20:00;235;84;151
15.12.2019 21:00;149;47;102
15.12.2019 22:00;145;54;91
15.12.2019 23:00;71;29;42
16.12.2019 0:00;36;14;22
16.12.2019 1:00;17;11;6
16.12.2019 2:00;11;4;7
16.12.2019 3:00;2;2;0
16.12.2019 4:00;8;6;2
16.12.2019 5:00;47;33;14
16.12.2019 6:00;195;134;61
16.12.2019 7:00;1006;632;374
16.12.2019 8:00;793;478;315
16.12.2019 9:00;823;534;289
16.12.2019 10:00;555;327;228
16.12.2019 11:00;678;346;332
16.12.2019 12:00;707;302;405
16.12.2019 13:00;891;382;509
16.12.2019 14:00;672;357;315
16.12.2019 15:00;1055;522;533
16.12.2019 16:00;1026;509;517
16.12.2019 17:00;1134;498;636
16.12.2019 18:00;864;384;480
16.12.2019 19:00;721;321;400
16.12.2019 20:00;477;171;306
16.12.2019 21:00;358;124;234
16.12.2019 22:00;291;108;183
16.12.2019 23:00;173;58;115
17.12.2019 0:00;78;25;53
17.12.2019 1:00;52;7;45
17.12.2019 2:00;14;5;9
17.12.2019 3:00;15;11;4
17.12.2019 4:00;13;7;6
17.12.2019 5:00;49;34;15
17.12.2019 6:00;177;114;63
17.12.2019 7:00;1094;703;391
17.12.2019 8:00;878;534;344
17.12.2019 9:00;915;578;337
17.12.2019 10:00;574;369;205
17.12.2019 11:00;697;325;372
17.12.2019 12:00;795;319;476
17.12.2019 13:00;960;461;499
17.12.2019 14:00;760;382;378
17.12.2019 15:00;1054;491;563
17.12.2019 16:00;1021;512;509
17.12.2019 17:00;1141;570;571
17.12.2019 18:00;963;483;480
17.12.2019 19:00;774;326;448
17.12.2019 20:00;456;181;275
17.12.2019 21:00;387;96;291
17.12.2019 22:00;327;99;228
17.12.2019 23:00;176;52;124
18.12.2019 0:00;116;38;78
18.12.2019 1:00;63;25;38
18.12.2019 2:00;27;17;10
18.12.2019 3:00;8;3;5
18.12.2019 4:00;10;7;3
18.12.2019 5:00;62;47;15
18.12.2019 6:00;189;123;66
18.12.2019 7:00;1113;719;394
18.12.2019 8:00;857;500;357
18.12.2019 9:00;833;561;272
18.12.2019 10:00;518;317;201
18.12.2019 11:00;634;321;313
18.12.2019 12:00;738;363;375
18.12.2019 13:00;1046;489;557
18.12.2019 14:00;732;398;334
18.12.2019 15:00;975;461;514
18.12.2019 16:00;997;492;505
18.12.2019 17:00;1061;517;544
18.12.2019 18:00;950;467;483
18.12.2019 19:00;705;336;369
18.12.2019 20:00;488;173;315
18.12.2019 21:00;350;105;245
18.12.2019 22:00;308;93;215
18.12.2019 23:00;189;63;126
19.12.2019 0:00;122;34;88
19.12.2019 1:00;76;22;54
19.12.2019 2:00;33;23;10
19.12.2019 3:00;11;4;7
19.12.2019 4:00;11;8;3
19.12.2019 5:00;54;37;17
19.12.2019 6:00;163;106;57
19.12.2019 7:00;994;643;351
19.12.2019 8:00;728;437;291
19.12.2019 9:00;695;446;249
19.12.2019 10:00;456;280;176
19.12.2019 11:00;631;317;314
19.12.2019 12:00;701;344;357
19.12.2019 13:00;919;382;537
19.12.2019 14:00;692;347;345
19.12.2019 15:00;1045;500;545
19.12.2019 16:00;918;465;453
19.12.2019 17:00;1009;464;545
19.12.2019 18:00;864;456;408
19.12.2019 19:00;629;284;345
19.12.2019 20:00;382;134;248
19.12.2019 21:00;338;110;228
19.12.2019 22:00;248;89;159
19.12.2019 23:00;230;79;151
20.12.2019 0:00;143;60;83
20.12.2019 1:00;106;16;90
20.12.2019 2:00;27;16;11
20.12.2019 3:00;21;10;11
20.12.2019 4:00;7;4;3
20.12.2019 5:00;37;29;8
20.12.2019 6:00;147;82;65
20.12.2019 7:00;587;306;281
20.12.2019 8:00;613;384;229
20.12.2019 9:00;852;610;242
20.12.2019 10:00;559;308;251
20.12.2019 11:00;639;344;295
20.12.2019 12:00;827;380;447
20.12.2019 13:00;782;301;481
20.12.2019 14:00;721;367;354
20.12.2019 15:00;693;360;333
20.12.2019 16:00;681;339;342
20.12.2019 17:00;604;290;314
20.12.2019 18:00;598;296;302
20.12.2019 19:00;391;177;214
20.12.2019 20:00;311;122;189
20.12.2019 21:00;178;68;110
20.12.2019 22:00;237;87;150
20.12.2019 23:00;167;33;134
21.12.2019 0:00;110;28;82
21.12.2019 1:00;83;25;58
21.12.2019 2:00;66;23;43
21.12.2019 3:00;47;20;27
21.12.2019 4:00;23;12;11
21.12.2019 5:00;25;18;7
21.12.2019 6:00;29;17;12
21.12.2019 7:00;49;24;25
21.12.2019 8:00;106;63;43
21.12.2019 9:00;281;181;100
21.12.2019 10:00;345;208;137
21.12.2019 11:00;474;263;211
21.12.2019 12:00;474;264;210
21.12.2019 13:00;486;261;225
21.12.2019 14:00;462;235;227
21.12.2019 15:00;422;218;204
21.12.2019 16:00;454;207;247
21.12.2019 17:00;432;212;220
21.12.2019 18:00;390;190;200
21.12.2019 19:00;356;206;150
21.12.2019 20:00;194;101;93
21.12.2019 21:00;192;71;121
21.12.2019 22:00;162;35;127
21.12.2019 23:00;121;37;84
22.12.2019 0:00;107;22;85
22.12.2019 1:00;58;16;42
22.12.2019 2:00;49;9;40
22.12.2019 3:00;45;10;35
22.12.2019 4:00;12;2;10
22.12.2019 5:00;20;7;13
22.12.2019 6:00;28;18;10
22.12.2019 7:00;22;14;8
22.12.2019 8:00;36;16;20
22.12.2019 9:00;79;44;35
22.12.2019 10:00;104;61;43
22.12.2019 11:00;133;67;66
22.12.2019 12:00;151;79;72
22.12.2019 13:00;115;52;63
22.12.2019 14:00;108;59;49
22.12.2019 15:00;151;87;64
22.12.2019 16:00;159;100;59
22.12.2019 17:00;150;72;78
22.12.2019 18:00;153;81;72
22.12.2019 19:00;147;94;53
22.12.2019 20:00;132;61;71
22.12.2019 21:00;98;42;56
22.12.2019 22:00;91;33;58
22.12.2019 23:00;54;10;44
23.12.2019 0:00;46;12;34
23.12.2019 1:00;49;10;39
23.12.2019 2:00;14;10;4
23.12.2019 3:00;12;2;10
23.12.2019 4:00;11;3;8
23.12.2019 5:00;30;21;9
23.12.2019 6:00;72;55;17
23.12.2019 7:00;132;81;51
23.12.2019 8:00;180;125;55
23.12.2019 9:00;305;212;93
23.12.2019 10:00;359;201;158
23.12.2019 11:00;350;168;182
23.12.2019 12:00;373;170;203
23.12.2019 13:00;396;194;202
23.12.2019 14:00;347;175;172
23.12.2019 15:00;458;223;235
23.12.2019 16:00;398;182;216
23.12.2019 17:00;371;154;217
23.12.2019 18:00;267;100;167
23.12.2019 19:00;225;89;136
23.12.2019 20:00;133;63;70
23.12.2019 21:00;78;32;46
23.12.2019 22:00;79;38;41
23.12.2019 23:00;41;11;30
24.12.2019 0:00;52;20;32
24.12.2019 1:00;33;11;22
24.12.2019 2:00;9;2;7
24.12.2019 3:00;18;7;11
24.12.2019 4:00;6;4;2
24.12.2019 5:00;24;16;8
24.12.2019 6:00;27;19;8
24.12.2019 7:00;62;49;13
24.12.2019 8:00;147;91;56
24.12.2019 9:00;273;175;98
24.12.2019 10:00;307;177;130
24.12.2019 11:00;269;115;154
24.12.2019 12:00;213;79;134
24.12.2019 13:00;182;78;104
24.12.2019 14:00;134;47;87
24.12.2019 15:00;106;49;57
24.12.2019 16:00;117;41;76
24.12.2019 17:00;69;40;29
24.12.2019 18:00;64;24;40
24.12.2019 19:00;56;27;29
24.12.2019 20:00;36;19;17
24.12.2019 21:00;30;19;11
24.12.2019 22:00;40;21;19
24.12.2019 23:00;45;29;16
25.12.2019 0:00;51;22;29
25.12.2019 1:00;12;4;8
25.12.2019 2:00;29;7;22
25.12.2019 3:00;5;0;5
25.12.2019 4:00;7;2;5
25.12.2019 5:00;14;8;6
25.12.2019 6:00;16;10;6
25.12.2019 7:00;12;8;4
25.12.2019 8:00;16;5;11
25.12.2019 9:00;45;26;19
25.12.2019 10:00;33;18;15
25.12.2019 11:00;116;52;64
25.12.2019 12:00;97;55;42
25.12.2019 13:00;98;49;49
25.12.2019 14:00;78;29;49
25.12.2019 15:00;62;29;33
25.12.2019 16:00;71;36;35
25.12.2019 17:00;90;42;48
25.12.2019 18:00;66;27;39
25.12.2019 19:00;55;32;23
25.12.2019 20:00;34;14;20
25.12.2019 21:00;52;30;22
25.12.2019 22:00;38;17;21
25.12.2019 23:00;26;11;15
26.12.2019 0:00;34;21;13
26.12.2019 1:00;25;8;17
26.12.2019 2:00;13;2;11
26.12.2019 3:00;5;2;3
26.12.2019 4:00;4;1;3
26.12.2019 5:00;12;7;5
26.12.2019 6:00;20;10;10
26.12.2019 7:00;19;16;3
26.12.2019 8:00;32;14;18
26.12.2019 9:00;55;38;17
26.12.2019 10:00;60;34;26
26.12.2019 11:00;103;50;53
26.12.2019 12:00;85;42;43
26.12.2019 13:00;106;55;51
26.12.2019 14:00;109;38;71
26.12.2019 15:00;122;55;67
26.12.2019 16:00;168;118;50
26.12.2019 17:00;86;43;43
26.12.2019 18:00;120;47;73
26.12.2019 19:00;76;38;38
26.12.2019 20:00;78;27;51
26.12.2019 21:00;58;23;35
26.12.2019 22:00;58;30;28
26.12.2019 23:00;40;9;31
27.12.2019 0:00;31;8;23
27.12.2019 1:00;23;9;14
27.12.2019 2:00;13;7;6
27.12.2019 3:00;9;6;3
27.12.2019 4:00;13;5;8
27.12.2019 5:00;14;11;3
27.12.2019 6:00;60;38;22
27.12.2019 7:00;78;51;27
27.12.2019 8:00;117;82;35
27.12.2019 9:00;103;75;28
27.12.2019 10:00;155;100;55
27.12.2019 11:00;209;115;94
27.12.2019 12:00;260;131;129
27.12.2019 13:00;261;135;126
27.12.2019 14:00;276;153;123
27.12.2019 15:00;254;133;121
27.12.2019 16:00;273;119;154
27.12.2019 17:00;233;109;124
27.12.2019 18:00;180;73;107
27.12.2019 19:00;138;69;69
27.12.2019 20:00;128;64;64
27.12.2019 21:00;79;33;46
27.12.2019 22:00;56;15;41
27.12.2019 23:00;71;22;49
28.12.2019 0:00;42;15;27
28.12.2019 1:00;44;10;34
28.12.2019 2:00;20;4;16
28.12.2019 3:00;16;4;12
28.12.2019 4:00;8;5;3
28.12.2019 5:00;25;15;10
28.12.2019 6:00;32;22;10
28.12.2019 7:00;36;21;15
28.12.2019 8:00;84;52;32
28.12.2019 9:00;153;113;40
28.12.2019 10:00;211;125;86
28.12.2019 11:00;251;145;106
28.12.2019 12:00;278;144;134
28.12.2019 13:00;321;183;138
28.12.2019 14:00;273;132;141
28.12.2019 15:00;287;134;153
28.12.2019 16:00;232;95;137
28.12.2019 17:00;249;97;152
28.12.2019 18:00;183;77;106
28.12.2019 19:00;168;91;77
28.12.2019 20:00;134;59;75
28.12.2019 21:00;82;42;40
28.12.2019 22:00;81;34;47
28.12.2019 23:00;70;24;46
29.12.2019 0:00;73;21;52
29.12.2019 1:00;39;10;29
29.12.2019 2:00;30;12;18
29.12.2019 3:00;22;2;20
29.12.2019 4:00;10;5;5
29.12.2019 5:00;10;3;7
29.12.2019 6:00;14;9;5
29.12.2019 7:00;18;15;3
29.12.2019 8:00;33;22;11
29.12.2019 9:00;61;31;30
29.12.2019 10:00;83;40;43
29.12.2019 11:00;114;59;55
29.12.2019 12:00;128;64;64
29.12.2019 13:00;183;107;76
29.12.2019 14:00;198;97;101
29.12.2019 15:00;171;74;97
29.12.2019 16:00;187;94;93
29.12.2019 17:00;207;99;108
29.12.2019 18:00;144;68;76
29.12.2019 19:00;92;41;51
29.12.2019 20:00;85;32;53
29.12.2019 21:00;98;29;69
29.12.2019 22:00;59;29;30
29.12.2019 23:00;59;29;30
30.12.2019 0:00;26;10;16
30.12.2019 1:00;26;7;19
30.12.2019 2:00;8;5;3
30.12.2019 3:00;4;1;3
30.12.2019 4:00;9;2;7
30.12.2019 5:00;20;14;6
30.12.2019 6:00;57;36;21
30.12.2019 7:00;117;62;55
30.12.2019 8:00;138;84;54
30.12.2019 9:00;175;113;62
30.12.2019 10:00;237;124;113
30.12.2019 11:00;289;173;116
30.12.2019 12:00;276;134;142
30.12.2019 13:00;336;167;169
30.12.2019 14:00;365;185;180
30.12.2019 15:00;336;158;178
30.12.2019 16:00;358;167;191
30.12.2019 17:00;287;121;166
30.12.2019 18:00;249;113;136
30.12.2019 19:00;208;73;135
30.12.2019 20:00;149;55;94
30.12.2019 21:00;85;35;50
30.12.2019 22:00;70;30;40
30.12.2019 23:00;48;11;37
31.12.2019 0:00;45;26;19
31.12.2019 1:00;45;22;23
31.12.2019 2:00;8;5;3
31.12.2019 3:00;4;1;3
31.12.2019 4:00;9;7;2
31.12.2019 5:00;24;15;9
31.12.2019 6:00;30;16;14
31.12.2019 7:00;71;45;26
31.12.2019 8:00;112;70;42
31.12.2019 9:00;173;114;59
31.12.2019 10:00;281;177;104
31.12.2019 11:00;283;136;147
31.12.2019 12:00;268;109;159
31.12.2019 13:00;263;112;151
31.12.2019 14:00;248;83;165
31.12.2019 15:00;167;73;94
31.12.2019 16:00;160;85;75
31.12.2019 17:00;187;98;89
31.12.2019 18:00;218;119;99
31.12.2019 19:00;211;93;118
31.12.2019 20:00;96;61;35
31.12.2019 21:00;74;33;41
31.12.2019 22:00;61;34;27
31.12.2019 23:00;133;103;30